423
0 2 21
1 0 18
0 8 16
1 1 18
3 5 14
3 0 10
1 9 9
3 1 9
5 0 3
5 1 13
6 1 5
1 2 9
7 1 2
9 2 13
9 0 11
9 6 14
9 1 9
11 0 8
11 1 2
7 3 9
13 0 6
13 1 3
6 9 13
14 1 10
9 5 9
15 1 5
16 0 2
15 7 8
17 1 7
19 2 2
19 0 3
3 2 20
19 1 3
2 3 18
14 2 9
21 0 3
7 2 13
10 2 13
22 1 2
22 0 2
5 2 19
22 1 2
15 2 6
17 2 6
13 3 3
14 3 9
18 5 6
4 6 18
14 7 10
5 5 14
6 7 17
7 8 16
8 6 12
10 9 13
2 8 11
12 10 11
17 12 7
11 10 7
16 12 7
20 13 3
8 4 13
20 14 3
7 7 15
18 15 5
4 6 17
18 16 5
12 10 10
20 19 4
4 8 16
18 19 5
14 15 8
21 21 3
2 4 19
3 5 19
21 22 2
22 22 2
10 7 11
11 13 11
21 22 2
9 2 11
9 2 12
2 3 19
6 2 8
13 4 8
12 7 8
12 7 10
11 7 9
15 8 6
13 2 4
7 2 13
19 11 3
10 10 3
12 12 9
19 15 2
9 5 11
19 15 3
13 13 6
17 16 4
16 17 5
7 11 13
17 18 4
9 14 10
18 20 4
1 5 19
13 16 7
19 21 2
2 5 18
19 22 2
2 5 18
5 8 13
0 7 17
13 19 5
6 6 14
4 10 13
2 4 14
13 18 4
10 17 6
4 12 10
6 15 8
1 11 11
9 6 9
3 14 9
1 10 10
3 16 7
0 15 7
4 21 3
5 6 14
1 18 5
4 18 4
0 18 5
0 13 8
2 15 6
1 20 3
2 6 15
0 4 18
0 17 5
0 21 2
0 21 2
4 4 9
1 4 10
1 2 11
2 3 17
2 10 11
3 3 8
6 7 8
6 3 5
6 2 5
1 5 8
8 2 8
7 5 11
0 5 11
10 2 5
12 14 4
12 8 7
12 2 8
9 9 8
8 6 12
13 3 5
3 5 16
15 3 3
17 2 2
8 4 8
3 5 11
8 4 12
18 3 2
18 3 2
1 4 15
6 6 14
2 4 17
12 6 7
0 7 12
4 7 15
7 5 10
6 9 12
12 9 8
11 9 2
10 10 9
14 14 2
7 5 9
15 13 5
10 11 8
11 11 6
16 14 3
12 15 6
16 17 4
18 17 2
11 14 7
16 18 3
16 19 2
17 20 2
12 17 5
15 19 3
17 20 2
4 6 13
8 14 8
11 16 6
13 14 4
8 15 7
4 4 11
0 6 15
9 17 4
10 7 8
2 13 8
3 14 8
5 18 4
5 5 13
5 17 4
4 8 11
2 16 5
3 14 3
0 15 6
1 19 3
1 4 16
0 17 4
0 15 5
0 18 3
2 4 15
0 14 6
0 19 2
10 14 5
2 7 13
1 17 3
3 12 6
5 17 2
1 13 5
6 10 8
1 10 6
0 7 7
1 8 6
1 8 5
2 9 11
4 8 11
1 8 4
3 4 5
1 5 5
1 7 2
3 4 6
2 5 2
1 5 2
3 4 10
2 4 7
1 4 2
10 10 8
10 5 8
11 5 7
6 8 10
15 7 3
13 8 4
6 6 9
11 6 5
14 10 4
3 10 9
3 10 8
10 11 7
10 13 7
5 11 9
13 13 4
10 15 3
12 15 5
7 8 9
14 16 3
4 7 11
14 17 3
6 9 10
7 10 9
15 18 2
11 14 4
10 14 4
11 15 4
13 17 2
6 15 5
9 15 4
2 8 10
7 15 4
6 11 7
4 16 3
5 18 2
4 7 10
3 15 4
5 11 7
5 8 8
2 15 4
2 12 6
2 17 2
2 18 2
2 17 2
7 5 9
4 12 6
3 12 6
7 9 7
3 8 7
4 4 10
6 5 10
3 10 4
10 7 6
3 4 8
6 6 9
3 5 5
5 7 8
3 4 5
6 5 7
4 4 4
2 4 3
4 5 9
3 4 2
4 4 8
3 4 2
4 11 5
4 5 12
4 10 7
5 6 7
7 4 3
8 5 8
4 9 7
9 5 7
12 5 3
11 4 3
4 6 10
8 6 7
8 6 6
13 4 3
14 4 2
12 6 4
14 5 2
4 8 5
4 7 6
5 12 6
7 6 8
7 7 7
8 7 5
9 11 6
11 10 5
10 6 6
7 9 9
8 9 4
11 7 3
6 8 8
13 7 3
10 8 6
14 7 2
13 8 3
14 7 2
7 11 5
10 9 6
13 9 3
13 9 2
5 8 9
9 10 6
8 11 7
11 13 4
5 8 8
8 12 6
9 11 4
12 14 3
13 16 2
9 14 4
10 14 4
13 16 2
10 9 3
6 10 7
5 12 5
8 15 3
8 11 2
5 12 5
8 9 5
6 10 5
4 14 4
4 8 8
4 8 8
4 14 2
4 15 2
4 15 2
5 11 5
7 9 4
4 8 6
9 10 5
6 9 6
5 11 2
6 8 4
5 9 2
6 9 2
5 8 2
6 9 6
7 9 5
11 9 3
8 9 5
8 11 4
10 10 2
11 11 3
7 9 5
6 8 5
9 12 4
12 14 2
6 10 6
11 14 2
7 9 4
7 12 4
8 10 2
6 11 4
8 9 4
6 12 3
7 9 5
6 13 2
6 8 4
7 9 4
8 10 2
8 9 2
8 10 3
7 10 3
7 10 3
9 12 2
9 12 2
7 11 2
6 9 3
6 9 3
6 11 2
6 11 2
6 12 2
7 8 2
7 8 2
7 9 3
6 10 2
7 9 3
