284
(0, 0) (1, 284) (2, 54746) (3, 190541) (4, 329518) (5, 446333) (6, 581089) (7, 705406) (8, 842664) (9, 968456) (10, 1104752) (11, 1232499) (12, 1360347) (13, 1487698) (14, 1620812) (15, 1748109) (16, 1879400) (17, 2006789) (18, 2136319) (19, 2264511) (20, 2393119) (21, 2522804) (22, 2651895) (23, 2781607) (24, 2911479) (25, 3043853) (26, 3173474) (27, 3307067) (28, 3437157) (29, 3567516) (30, 3698175) (31, 3831300) (32, 3961825) (33, 4096141) (34, 4226191) (35, 4360120) (36, 4490649) (37, 4621542) (38, 4753964) (39, 4885518) (40, 5016531) (41, 5148128) (42, 5278833) (43, 5408880) (44, 5541938) (45, 5671916) (46, 5802381) (47, 5934685) (48, 6064837) (49, 6196452) (50, 6326645) (51, 6456371) (52, 6586779) (53, 6717338) (54, 6847731) (55, 6979213) (56, 7109495) (57, 7240899) (58, 7372288) (59, 7502807) (60, 7632541) (61, 7763176) (62, 7894783) (63, 8024759) (64, 8155390) 
-23002 64
284
(0, 0) (1, 284) (2, 54746) (3, 184185) (4, 321600) (5, 461217) (6, 601183) (7, 741423) (8, 878797) (9, 1017826) (10, 1148244) (11, 1282718) (12, 1421133) (13, 1560850) (14, 1696869) (15, 1835748) (16, 1976362) (17, 2116708) (18, 2257377) (19, 2397253) (20, 2536758) (21, 2675778) (22, 2814012) (23, 2951993) (24, 3089157) (25, 3225718) (26, 3362351) (27, 3498929) (28, 3635249) (29, 3770807) (30, 3907539) (31, 4043374) (32, 4179011) (33, 4315211) (34, 4451518) (35, 4587677) (36, 4723885) (37, 4859655) (38, 4996220) (39, 5132756) (40, 5269498) (41, 5405189) (42, 5541391) (43, 5677969) (44, 5814154) (45, 5949643) (46, 6085298) (47, 6221156) (48, 6356898) (49, 6492973) (50, 6629060) (51, 6765182) (52, 6901211) (53, 7036973) (54, 7172643) (55, 7307818) (56, 7443127) (57, 7578243) (58, 7713307) (59, 7848762) (60, 7983575) (61, 8118552) (62, 8253340) (63, 8388053) (64, 8522601) (65, 8657322) (66, 8791731) (67, 8926031) (68, 9060246) (69, 9194705) (70, 9329297) (71, 9463901) (72, 9598596) (73, 9733610) (74, 9869194) (75, 10004499) (76, 10139806) (77, 10275360) (78, 10410749) (79, 10546354) (80, 10682054) (81, 10817984) (82, 10954039) (83, 11089940) (84, 11225609) (85, 11361161) (86, 11496228) (87, 11631077) (88, 11765292) (89, 11900269) (90, 12034865) (91, 12169265) (92, 12303556) (93, 12438063) (94, 12572450) (95, 12706927) (96, 12841271) (97, 12975288) (98, 13109742) (99, 13243918) (100, 13378231) (101, 13512325) (102, 13646568) (103, 13780331) (104, 13914475) (105, 14048834) (106, 14183203) (107, 14317136) (108, 14451608) (109, 14585818) (110, 14719979) (111, 14854406) (112, 14988994) (113, 15123504) (114, 15257982) (115, 15392393) (116, 15526936) (117, 15661622) (118, 15795953) (119, 15930185) (120, 16065074) (121, 16200330) (122, 16335620) (123, 16471109) (124, 16606562) (125, 16741552) (126, 16877205) (127, 17012540) 
-49 128
284
(0, 0) (1, 284) (2, 54746) (3, 192706) (4, 334144) (5, 465891) (6, 600139) (7, 721189) (8, 848834) (9, 983205) (10, 1121420) (11, 1257753) (12, 1389943) (13, 1521112) (14, 1654687) (15, 1793828) (16, 1933848) (17, 2070644) (18, 2199132) (19, 2334172) (20, 2470002) (21, 2599066) (22, 2726231) (23, 2848015) (24, 2967279) (25, 3085974) (26, 3208988) (27, 3325174) (28, 3441371) (29, 3557718) (30, 3674067) (31, 3790415) (32, 3906771) (33, 4023124) (34, 4139513) (35, 4255913) (36, 4372263) (37, 4488566) (38, 4604930) (39, 4721262) (40, 4837573) (41, 4953941) (42, 5070310) (43, 5186697) (44, 5303019) (45, 5419409) (46, 5535751) (47, 5652114) (48, 5768484) (49, 5884853) (50, 6001202) (51, 6117578) (52, 6233971) (53, 6350343) (54, 6466692) (55, 6583033) (56, 6699331) (57, 6815695) (58, 6932045) (59, 7048385) (60, 7164751) (61, 7281128) (62, 7397509) (63, 7513877) (64, 7630270) (65, 7746638) (66, 7862959) (67, 7979310) (68, 8095612) (69, 8211957) (70, 8328342) (71, 8444701) (72, 8561096) (73, 8677375) (74, 8793739) (75, 8910051) (76, 9026432) (77, 9142797) (78, 9259174) (79, 9375546) (80, 9491877) (81, 9608245) (82, 9724640) (83, 9841008) (84, 9957380) (85, 10073729) (86, 10190096) (87, 10306459) (88, 10422797) (89, 10539149) (90, 10655513) (91, 10771880) (92, 10888251) (93, 11004615) (94, 11120979) (95, 11237332) (96, 11353667) (97, 11470034) (98, 11586424) (99, 11702775) (100, 11819121) (101, 11935483) (102, 12051831) (103, 12168223) (104, 12284607) (105, 12400977) (106, 12517308) (107, 12633649) (108, 12750007) (109, 12866393) (110, 12982772) (111, 13099125) (112, 13215485) (113, 13331854) (114, 13448245) (115, 13564601) (116, 13680950) (117, 13797321) (118, 13913674) (119, 14029999) (120, 14146358) (121, 14262719) (122, 14379094) (123, 14495470) (124, 14611842) (125, 14728178) (126, 14844546) (127, 14960921) 
-4500 128
128
8 44 20 25 10 2 28 13 21 44
2 35 20 5 11 16 3 41 13 30
37 43 4 34 8 30 15 9 47 27
1 33 12 37 14 22 3 42 48 47
1 23 24 26 34 31 17 18 46 35
17 48 45 31 45 0 15 32 38 41
46 19 28 24 49 12 5 40 18 43
7 23 40 14 32 4 36 39 0 39
29 29 26 6 25 9 36 42 21 11
33 16 38 7 49 6 27 10 22 19
284
(0, 0) (1, 284) (2, 54746) (3, 190541) (4, 329518) (5, 446333) (6, 581089) (7, 705406) (8, 842664) (9, 968456) (10, 1104752) (11, 1232499) (12, 1360347) (13, 1487698) (14, 1620812) (15, 1748109) (16, 1879400) (17, 2006789) (18, 2136319) (19, 2264511) (20, 2393119) (21, 2522804) (22, 2651895) (23, 2781607) (24, 2911479) (25, 3043853) (26, 3173474) (27, 3307067) (28, 3437157) (29, 3567516) (30, 3698175) (31, 3831300) (32, 3961825) (33, 4096141) (34, 4226191) (35, 4360120) (36, 4490649) (37, 4621542) (38, 4753964) (39, 4885518) (40, 5016531) (41, 5148128) (42, 5278833) (43, 5408880) (44, 5541938) (45, 5671916) (46, 5802381) (47, 5934685) (48, 6064837) (49, 6196452) (50, 6326645) (51, 6456371) (52, 6586779) (53, 6717338) (54, 6847731) (55, 6979213) (56, 7109495) (57, 7240899) (58, 7372288) (59, 7502807) (60, 7632541) (61, 7763176) (62, 7894783) (63, 8024759) (64, 8155390) 
-23002 64
284
(0, 0) (1, 284) (2, 54746) (3, 184185) (4, 321600) (5, 461217) (6, 601183) (7, 741423) (8, 878797) (9, 1017826) (10, 1148244) (11, 1282718) (12, 1421133) (13, 1560850) (14, 1696869) (15, 1835748) (16, 1976362) (17, 2116708) (18, 2257377) (19, 2397253) (20, 2536758) (21, 2675778) (22, 2814012) (23, 2951993) (24, 3089157) (25, 3225718) (26, 3362351) (27, 3498929) (28, 3635249) (29, 3770807) (30, 3907539) (31, 4043374) (32, 4179011) (33, 4315211) (34, 4451518) (35, 4587677) (36, 4723885) (37, 4859655) (38, 4996220) (39, 5132756) (40, 5269498) (41, 5405189) (42, 5541391) (43, 5677969) (44, 5814154) (45, 5949643) (46, 6085298) (47, 6221156) (48, 6356898) (49, 6492973) (50, 6629060) (51, 6765182) (52, 6901211) (53, 7036973) (54, 7172643) (55, 7307818) (56, 7443127) (57, 7578243) (58, 7713307) (59, 7848762) (60, 7983575) (61, 8118552) (62, 8253340) (63, 8388053) (64, 8522601) (65, 8657322) (66, 8791731) (67, 8926031) (68, 9060246) (69, 9194705) (70, 9329297) (71, 9463901) (72, 9598596) (73, 9733610) (74, 9869194) (75, 10004499) (76, 10139806) (77, 10275360) (78, 10410749) (79, 10546354) (80, 10682054) (81, 10817984) (82, 10954039) (83, 11089940) (84, 11225609) (85, 11361161) (86, 11496228) (87, 11631077) (88, 11765292) (89, 11900269) (90, 12034865) (91, 12169265) (92, 12303556) (93, 12438063) (94, 12572450) (95, 12706927) (96, 12841271) (97, 12975288) (98, 13109742) (99, 13243918) (100, 13378231) (101, 13512325) (102, 13646568) (103, 13780331) (104, 13914475) (105, 14048834) (106, 14183203) (107, 14317136) (108, 14451608) (109, 14585818) (110, 14719979) (111, 14854406) (112, 14988994) (113, 15123504) (114, 15257982) (115, 15392393) (116, 15526936) (117, 15661622) (118, 15795953) (119, 15930185) (120, 16065074) (121, 16200330) (122, 16335620) (123, 16471109) (124, 16606562) (125, 16741552) (126, 16877205) (127, 17012540) 
-49 128
284
(0, 0) (1, 284) (2, 54746) (3, 192706) (4, 334144) (5, 465891) (6, 600139) (7, 721189) (8, 848834) (9, 983205) (10, 1121420) (11, 1257753) (12, 1389943) (13, 1521112) (14, 1654687) (15, 1793828) (16, 1933848) (17, 2070644) (18, 2199132) (19, 2334172) (20, 2470002) (21, 2599066) (22, 2726231) (23, 2848015) (24, 2967279) (25, 3085974) (26, 3208988) (27, 3325174) (28, 3441371) (29, 3557718) (30, 3674067) (31, 3790415) (32, 3906771) (33, 4023124) (34, 4139513) (35, 4255913) (36, 4372263) (37, 4488566) (38, 4604930) (39, 4721262) (40, 4837573) (41, 4953941) (42, 5070310) (43, 5186697) (44, 5303019) (45, 5419409) (46, 5535751) (47, 5652114) (48, 5768484) (49, 5884853) (50, 6001202) (51, 6117578) (52, 6233971) (53, 6350343) (54, 6466692) (55, 6583033) (56, 6699331) (57, 6815695) (58, 6932045) (59, 7048385) (60, 7164751) (61, 7281128) (62, 7397509) (63, 7513877) (64, 7630270) (65, 7746638) (66, 7862959) (67, 7979310) (68, 8095612) (69, 8211957) (70, 8328342) (71, 8444701) (72, 8561096) (73, 8677375) (74, 8793739) (75, 8910051) (76, 9026432) (77, 9142797) (78, 9259174) (79, 9375546) (80, 9491877) (81, 9608245) (82, 9724640) (83, 9841008) (84, 9957380) (85, 10073729) (86, 10190096) (87, 10306459) (88, 10422797) (89, 10539149) (90, 10655513) (91, 10771880) (92, 10888251) (93, 11004615) (94, 11120979) (95, 11237332) (96, 11353667) (97, 11470034) (98, 11586424) (99, 11702775) (100, 11819121) (101, 11935483) (102, 12051831) (103, 12168223) (104, 12284607) (105, 12400977) (106, 12517308) (107, 12633649) (108, 12750007) (109, 12866393) (110, 12982772) (111, 13099125) (112, 13215485) (113, 13331854) (114, 13448245) (115, 13564601) (116, 13680950) (117, 13797321) (118, 13913674) (119, 14029999) (120, 14146358) (121, 14262719) (122, 14379094) (123, 14495470) (124, 14611842) (125, 14728178) (126, 14844546) (127, 14960921) 
-4500 128
128
8 44 20 25 10 2 28 13 21 44
2 35 20 5 11 16 3 41 13 30
37 43 4 34 8 30 15 9 47 27
1 33 12 37 14 22 3 42 48 47
1 23 24 26 34 31 17 18 46 35
17 48 45 31 45 0 15 32 38 41
46 19 28 24 49 12 5 40 18 43
7 23 40 14 32 4 36 39 0 39
29 29 26 6 25 9 36 42 21 11
33 16 38 7 49 6 27 10 22 19
