284
(0, 0) (1, 284) (2, 54746) (3, 182487) (4, 313432) (5, 430738) (6, 563574) (7, 695986) (8, 818398) (9, 953869) (10, 1076245) (11, 1213146) (12, 1337804) (13, 1473727) (14, 1598077) (15, 1733515) (16, 1859583) (17, 1991244) (18, 2119921) (19, 2252064) (20, 2382624) (21, 2512204) (22, 2641208) (23, 2772021) (24, 2900679) (25, 3029660) (26, 3158633) (27, 3290466) (28, 3418315) (29, 3549468) (30, 3679300) (31, 3810248) (32, 3940451) (33, 4070438) (34, 4204425) (35, 4334554) (36, 4466694) (37, 4597750) (38, 4730106) (39, 4860596) (40, 4992679) (41, 5123989) (42, 5254388) (43, 5388152) (44, 5520163) (45, 5650390) (46, 5780866) (47, 5912610) (48, 6043944) (49, 6173939) (50, 6304453) (51, 6435304) (52, 6566977) (53, 6697578) (54, 6828613) (55, 6962021) (56, 7093302) (57, 7224574) (58, 7355457) 
-23002 58
284
(0, 0) (1, 284) (2, 54746) (3, 187596) (4, 327725) (5, 468586) (6, 609402) (7, 750308) (8, 891205) (9, 1030559) (10, 1171441) (11, 1312565) (12, 1453786) (13, 1594983) (14, 1736227) (15, 1874664) (16, 2013724) (17, 2154810) (18, 2295456) (19, 2433183) (20, 2568261) (21, 2703545) (22, 2840435) (23, 2977034) (24, 3113788) (25, 3249756) (26, 3386092) (27, 3522009) (28, 3658119) (29, 3794576) (30, 3930750) (31, 4067599) (32, 4203341) (33, 4339152) (34, 4475327) (35, 4610728) (36, 4746528) (37, 4882851) (38, 5018238) (39, 5154334) (40, 5290340) (41, 5426115) (42, 5561903) (43, 5697687) (44, 5834035) (45, 5970157) (46, 6106456) (47, 6243109) (48, 6378949) (49, 6515300) (50, 6651870) (51, 6786769) (52, 6922149) (53, 7058062) (54, 7192921) (55, 7328136) (56, 7462980) (57, 7598386) (58, 7733792) (59, 7868480) (60, 8003170) (61, 8137298) (62, 8271609) (63, 8405931) (64, 8539773) (65, 8674062) (66, 8808794) (67, 8943440) 
-50 67
284
(0, 0) (1, 284) (2, 54746) (3, 193198) (4, 333755) (5, 454281) (6, 586930) (7, 721458) (8, 857360) (9, 981084) (10, 1112007) (11, 1245308) (12, 1377691) (13, 1510045) (14, 1642517) (15, 1772465) (16, 1909021) (17, 2048643) (18, 2179459) (19, 2300781) (20, 2420815) (21, 2540129) (22, 2659285) (23, 2782796) (24, 2900795) (25, 3018942) (26, 3137125) (27, 3255311) (28, 3373314) (29, 3491375) (30, 3609414) (31, 3727664) (32, 3845978) (33, 3964635) (34, 4083247) (35, 4201804) (36, 4320448) (37, 4439195) (38, 4557670) (39, 4676315) (40, 4794969) (41, 4913584) (42, 5032426) (43, 5151103) (44, 5269693) (45, 5388330) (46, 5506976) (47, 5628980) (48, 5745226) (49, 5861445) (50, 5977812) (51, 6094101) (52, 6210490) (53, 6326865) (54, 6443237) (55, 6559622) (56, 6675992) (57, 6792358) (58, 6908766) (59, 7025116) (60, 7141484) (61, 7257848) (62, 7374195) (63, 7490604) (64, 7606971) (65, 7723320) (66, 7839705) (67, 7956072) (68, 8072419) (69, 8188761) (70, 8305146) (71, 8421515) (72, 8537876) (73, 8654248) (74, 8770582) (75, 8886940) (76, 9003321) (77, 9119647) (78, 9236014) (79, 9352343) (80, 9468725) (81, 9585095) (82, 9701450) (83, 9817810) (84, 9934158) (85, 10050495) (86, 10166855) (87, 10283211) (88, 10399563) (89, 10515914) (90, 10632269) (91, 10748618) (92, 10864989) (93, 10981366) (94, 11097733) (95, 11214112) (96, 11330439) (97, 11446825) (98, 11563169) (99, 11679516) (100, 11795866) (101, 11912222) (102, 12028545) (103, 12144920) (104, 12261277) (105, 12377645) (106, 12493998) (107, 12610373) (108, 12726724) (109, 12843069) (110, 12959414) (111, 13075764) (112, 13192118) (113, 13308485) (114, 13424862) (115, 13541220) (116, 13657571) (117, 13773912) (118, 13890194) (119, 14006566) (120, 14122930) (121, 14239253) (122, 14355572) (123, 14471906) (124, 14588272) (125, 14704619) (126, 14820960) (127, 14937248) 
-4500 128
128
19 34 25 38 18 42 44 5 28 17
7 28 0 29 2 11 7 5 11 40
1 10 38 30 44 15 48 13 14 32
12 23 47 9 19 14 17 6 3 37
26 2 34 15 47 31 35 13 36 33
16 49 48 0 3 29 8 8 42 49
20 41 20 21 27 22 30 32 39 22
24 4 33 10 39 46 4 45 6 1
16 26 25 31 41 35 40 12 36 43
27 23 37 24 46 45 21 43 9 18
284
(0, 0) (1, 284) (2, 54746) (3, 182487) (4, 313432) (5, 430738) (6, 563574) (7, 695986) (8, 818398) (9, 953869) (10, 1076245) (11, 1213146) (12, 1337804) (13, 1473727) (14, 1598077) (15, 1733515) (16, 1859583) (17, 1991244) (18, 2119921) (19, 2252064) (20, 2382624) (21, 2512204) (22, 2641208) (23, 2772021) (24, 2900679) (25, 3029660) (26, 3158633) (27, 3290466) (28, 3418315) (29, 3549468) (30, 3679300) (31, 3810248) (32, 3940451) (33, 4070438) (34, 4204425) (35, 4334554) (36, 4466694) (37, 4597750) (38, 4730106) (39, 4860596) (40, 4992679) (41, 5123989) (42, 5254388) (43, 5388152) (44, 5520163) (45, 5650390) (46, 5780866) (47, 5912610) (48, 6043944) (49, 6173939) (50, 6304453) (51, 6435304) (52, 6566977) (53, 6697578) (54, 6828613) (55, 6962021) (56, 7093302) (57, 7224574) (58, 7355457) 
-23002 58
284
(0, 0) (1, 284) (2, 54746) (3, 187596) (4, 327725) (5, 468586) (6, 609402) (7, 750308) (8, 891205) (9, 1030559) (10, 1171441) (11, 1312565) (12, 1453786) (13, 1594983) (14, 1736227) (15, 1874664) (16, 2013724) (17, 2154810) (18, 2295456) (19, 2433183) (20, 2568261) (21, 2703545) (22, 2840435) (23, 2977034) (24, 3113788) (25, 3249756) (26, 3386092) (27, 3522009) (28, 3658119) (29, 3794576) (30, 3930750) (31, 4067599) (32, 4203341) (33, 4339152) (34, 4475327) (35, 4610728) (36, 4746528) (37, 4882851) (38, 5018238) (39, 5154334) (40, 5290340) (41, 5426115) (42, 5561903) (43, 5697687) (44, 5834035) (45, 5970157) (46, 6106456) (47, 6243109) (48, 6378949) (49, 6515300) (50, 6651870) (51, 6786769) (52, 6922149) (53, 7058062) (54, 7192921) (55, 7328136) (56, 7462980) (57, 7598386) (58, 7733792) (59, 7868480) (60, 8003170) (61, 8137298) (62, 8271609) (63, 8405931) (64, 8539773) (65, 8674062) (66, 8808794) (67, 8943440) 
-50 67
284
(0, 0) (1, 284) (2, 54746) (3, 193198) (4, 333755) (5, 454281) (6, 586930) (7, 721458) (8, 857360) (9, 981084) (10, 1112007) (11, 1245308) (12, 1377691) (13, 1510045) (14, 1642517) (15, 1772465) (16, 1909021) (17, 2048643) (18, 2179459) (19, 2300781) (20, 2420815) (21, 2540129) (22, 2659285) (23, 2782796) (24, 2900795) (25, 3018942) (26, 3137125) (27, 3255311) (28, 3373314) (29, 3491375) (30, 3609414) (31, 3727664) (32, 3845978) (33, 3964635) (34, 4083247) (35, 4201804) (36, 4320448) (37, 4439195) (38, 4557670) (39, 4676315) (40, 4794969) (41, 4913584) (42, 5032426) (43, 5151103) (44, 5269693) (45, 5388330) (46, 5506976) (47, 5628980) (48, 5745226) (49, 5861445) (50, 5977812) (51, 6094101) (52, 6210490) (53, 6326865) (54, 6443237) (55, 6559622) (56, 6675992) (57, 6792358) (58, 6908766) (59, 7025116) (60, 7141484) (61, 7257848) (62, 7374195) (63, 7490604) (64, 7606971) (65, 7723320) (66, 7839705) (67, 7956072) (68, 8072419) (69, 8188761) (70, 8305146) (71, 8421515) (72, 8537876) (73, 8654248) (74, 8770582) (75, 8886940) (76, 9003321) (77, 9119647) (78, 9236014) (79, 9352343) (80, 9468725) (81, 9585095) (82, 9701450) (83, 9817810) (84, 9934158) (85, 10050495) (86, 10166855) (87, 10283211) (88, 10399563) (89, 10515914) (90, 10632269) (91, 10748618) (92, 10864989) (93, 10981366) (94, 11097733) (95, 11214112) (96, 11330439) (97, 11446825) (98, 11563169) (99, 11679516) (100, 11795866) (101, 11912222) (102, 12028545) (103, 12144920) (104, 12261277) (105, 12377645) (106, 12493998) (107, 12610373) (108, 12726724) (109, 12843069) (110, 12959414) (111, 13075764) (112, 13192118) (113, 13308485) (114, 13424862) (115, 13541220) (116, 13657571) (117, 13773912) (118, 13890194) (119, 14006566) (120, 14122930) (121, 14239253) (122, 14355572) (123, 14471906) (124, 14588272) (125, 14704619) (126, 14820960) (127, 14937248) 
-4500 128
128
19 34 25 38 18 42 44 5 28 17
7 28 0 29 2 11 7 5 11 40
1 10 38 30 44 15 48 13 14 32
12 23 47 9 19 14 17 6 3 37
26 2 34 15 47 31 35 13 36 33
16 49 48 0 3 29 8 8 42 49
20 41 20 21 27 22 30 32 39 22
24 4 33 10 39 46 4 45 6 1
16 26 25 31 41 35 40 12 36 43
27 23 37 24 46 45 21 43 9 18
