505
(0, 0) (1, 505) (2, 169416) (3, 419835) (4, 670014) (5, 881465) (6, 1092113) (7, 1318877) (8, 1562000) (9, 1771089) (10, 2012326) (11, 2228001) (12, 2473318) (13, 2691262) (14, 2921234) (15, 3146779) (16, 3389572) (17, 3638849) (18, 3864239) (19, 4091471) (20, 4317931) (21, 4546323) (22, 4790928) (23, 5019883) (24, 5253026) (25, 5493643) (26, 5724623) (27, 5960009) (28, 6190764) (29, 6428341) (30, 6670234) (31, 6909045) (32, 7140597) (33, 7374927) (34, 7606434) (35, 7840643) (36, 8073289) (37, 8306068) (38, 8541749) (39, 8773752) (40, 9008408) (41, 9240243) (42, 9472049) (43, 9710635) (44, 9945311) (45, 10180864) (46, 10414455) (47, 10646894) (48, 10879049) (49, 11114412) (50, 11354195) (51, 11588477) (52, 11821349) (53, 12060881) (54, 12295218) (55, 12528285) (56, 12761031) (57, 12994852) (58, 13227832) (59, 13464005) (60, 13698585) (61, 13932239) (62, 14165163) (63, 14398433) (64, 14632753) (65, 14868304) (66, 15101999) (67, 15337854) (68, 15572762) (69, 15807200) (70, 16044511) (71, 16280329) (72, 16514386) (73, 16748212) (74, 16982973) (75, 17217796) (76, 17451548) (77, 17685270) (78, 17920088) (79, 18154569) (80, 18390348) (81, 18625000) (82, 18860302) (83, 19094664) (84, 19332801) (85, 19567116) (86, 19804511) (87, 20038501) (88, 20272598) (89, 20507056) (90, 20743704) (91, 20977863) (92, 21211921) (93, 21446403) (94, 21680822) (95, 21915214) (96, 22149710) (97, 22386473) (98, 22620262) (99, 22854199) (100, 23088652) (101, 23323000) (102, 23557470) (103, 23791864) (104, 24026239) (105, 24260692) 
-36000 105
505
(0, 0) (1, 505) (2, 169241) (3, 411196) (4, 661502) (5, 907225) (6, 1157190) (7, 1407038) (8, 1656229) (9, 1906187) (10, 2156459) (11, 2406586) (12, 2657125) (13, 2907868) (14, 3151423) (15, 3399557) (16, 3644582) (17, 3892882) (18, 4144206) (19, 4395643) (20, 4647276) (21, 4895708) (22, 5140186) (23, 5389472) (24, 5640332) (25, 5891714) (26, 6142596) (27, 6390757) (28, 6634542) (29, 6880032) (30, 7125957) (31, 7370345) (32, 7614546) (33, 7859470) (34, 8103995) (35, 8348098) (36, 8591960) (37, 8835332) (38, 9079144) (39, 9323817) (40, 9567474) (41, 9812499) (42, 10057268) (43, 10302049) (44, 10546924) (45, 10792449) (46, 11037237) (47, 11281244) (48, 11526318) (49, 11771084) (50, 12012343) (51, 12256486) (52, 12501736) (53, 12746463) (54, 12992253) (55, 13238394) (56, 13485039) (57, 13730235) (58, 13976158) (59, 14222263) (60, 14467987) (61, 14714125) (62, 14960207) (63, 15206745) (64, 15453643) (65, 15700693) (66, 15947875) (67, 16195016) (68, 16442135) (69, 16689201) (70, 16935936) (71, 17182858) (72, 17429397) (73, 17676109) (74, 17922726) (75, 18169805) (76, 18416780) (77, 18663746) (78, 18910169) (79, 19156261) (80, 19402566) (81, 19648373) (82, 19894138) (83, 20139828) (84, 20386025) (85, 20632179) (86, 20878288) (87, 21124251) (88, 21369473) (89, 21614786) (90, 21859573) (91, 22104542) (92, 22349161) (93, 22593993) (94, 22838883) (95, 23083366) (96, 23327785) (97, 23572114) (98, 23816337) (99, 24060636) (100, 24304950) (101, 24549265) (102, 24793685) (103, 25039070) (104, 25283406) (105, 25527893) (106, 25772514) (107, 26017017) (108, 26261870) (109, 26506447) (110, 26750943) (111, 26995594) (112, 27239294) (113, 27482942) (114, 27726117) (115, 27969062) (116, 28211966) (117, 28454037) (118, 28695652) (119, 28937843) (120, 29178537) (121, 29419857) (122, 29661313) (123, 29902544) (124, 30144263) (125, 30385776) (126, 30627042) (127, 30868673) 
-69 128
505
(0, 0) (1, 505) (2, 169290) (3, 410500) (4, 661591) (5, 913263) (6, 1164401) (7, 1413435) (8, 1640121) (9, 1871575) (10, 2107283) (11, 2332142) (12, 2560127) (13, 2796845) (14, 3044163) (15, 3293849) (16, 3544333) (17, 3794057) (18, 4043942) (19, 4294109) (20, 4544910) (21, 4785279) (22, 5025504) (23, 5262340) (24, 5500483) (25, 5727025) (26, 5952116) (27, 6172617) (28, 6397399) (29, 6621198) (30, 6836804) (31, 7050535) (32, 7267914) (33, 7481115) (34, 7694215) (35, 7907460) (36, 8120463) (37, 8333673) (38, 8546980) (39, 8760104) (40, 8973258) (41, 9186335) (42, 9399144) (43, 9611998) (44, 9824912) (45, 10037768) (46, 10250705) (47, 10463807) (48, 10683625) (49, 10894289) (50, 11104834) (51, 11315506) (52, 11526175) (53, 11736835) (54, 11947374) (55, 12158042) (56, 12368700) (57, 12579371) (58, 12790049) (59, 13000722) (60, 13211400) (61, 13422077) (62, 13632744) (63, 13843414) (64, 14054079) (65, 14264771) (66, 14475449) (67, 14686120) (68, 14896769) (69, 15107460) (70, 15318127) (71, 15528875) (72, 15739545) (73, 15949163) (74, 16158770) (75, 16368410) (76, 16578069) (77, 16787640) (78, 16997243) (79, 17206863) (80, 17416537) (81, 17626122) (82, 17835741) (83, 18045393) (84, 18256085) (85, 18466824) (86, 18677471) (87, 18888242) (88, 19098930) (89, 19309625) (90, 19520371) (91, 19731050) (92, 19941701) (93, 20152382) (94, 20363033) (95, 20573840) (96, 20784630) (97, 20995301) (98, 21205942) (99, 21416578) (100, 21627250) (101, 21837910) (102, 22048621) (103, 22259287) (104, 22469894) (105, 22680554) (106, 22891265) (107, 23101991) (108, 23312720) (109, 23523403) (110, 23734110) (111, 23944786) (112, 24155546) (113, 24366214) (114, 24576910) (115, 24787574) (116, 24998224) (117, 25208886) (118, 25419580) (119, 25630273) (120, 25840988) (121, 26051658) (122, 26262337) (123, 26473013) (124, 26683618) (125, 26894492) (126, 27105327) (127, 27316203) 
-7900 128
128
27 47 38 48 21 27 16 26 17 69 70 23
8 14 15 46 35 54 56 63 66 52 41 32
41 5 52 44 37 61 55 6 61 51 13 29
18 28 60 11 6 46 9 71 68 67 29 40
57 50 22 31 64 60 33 70 7 13 19 62
44 0 2 7 36 30 66 57 26 58 53 14
1 31 64 49 19 18 62 11 1 67 4 48
40 39 42 65 21 50 35 25 51 15 47 16
53 54 34 10 65 71 30 20 39 58 36 24
3 23 28 0 59 8 45 12 20 56 17 24
49 34 3 55 63 33 2 42 5 10 4 9
45 43 12 59 69 43 22 25 38 32 68 37
