284
(0, 0) (1, 284) (2, 54745) (3, 185923) (4, 321704) (5, 441994) (6, 561977) (7, 692008) (8, 817310) (9, 944313) (10, 1071060) (11, 1195899) (12, 1326110) (13, 1454325) (14, 1583099) (15, 1712195) (16, 1843228) (17, 1973983) (18, 2103929) (19, 2236049) (20, 2367415) (21, 2497884) (22, 2627588) (23, 2757457) (24, 2889145) (25, 3020314) (26, 3149988) (27, 3281046) (28, 3411695) (29, 3542353) (30, 3672119) (31, 3802940) (32, 3935687) (33, 4067736) (34, 4197349) (35, 4328047) (36, 4459284) (37, 4589907) (38, 4720438) (39, 4850251) (40, 4980882) (41, 5113700) (42, 5243095) (43, 5375519) (44, 5505315) (45, 5638437) (46, 5770016) (47, 5901279) (48, 6031983) (49, 6165327) (50, 6296176) (51, 6425873) (52, 6558447) (53, 6689174) (54, 6819762) (55, 6952836) (56, 7082748) (57, 7215462) (58, 7345453) (59, 7477919) (60, 7608819) (61, 7739554) (62, 7869753) (63, 8002024) (64, 8132761) (65, 8263464) (66, 8395189) (67, 8525075) (68, 8655721) (69, 8786494) (70, 8917234) (71, 9047920) (72, 9178542) (73, 9309306) (74, 9440933) (75, 9571016) (76, 9701651) (77, 9832325) (78, 9963017) (79, 10093746) (80, 10224437) (81, 10355125) (82, 10485796) (83, 10616489) (84, 10747229) (85, 10877927) (86, 11008648) (87, 11139392) (88, 11270143) (89, 11400906) (90, 11531610) (91, 11662304) (92, 11792992) (93, 11923697) (94, 12054309) (95, 12185012) (96, 12315765) (97, 12446503) (98, 12577192) (99, 12707917) (100, 12838663) (101, 12969429) (102, 13100116) (103, 13230823) (104, 13361474) (105, 13492176) (106, 13622905) (107, 13753614) (108, 13884309) (109, 14015016) (110, 14145721) (111, 14276386) (112, 14407032) (113, 14537652) (114, 14668278) (115, 14799012) (116, 14929681) (117, 15060378) (118, 15191129) (119, 15321783) (120, 15452427) (121, 15583143) (122, 15713744) (123, 15844482) (124, 15975121) (125, 16105746) (126, 16236451) (127, 16367163) 
-24000 128
284
(0, 0) (1, 284) (2, 54745) (3, 188852) (4, 329648) (5, 470501) (6, 611263) (7, 752050) (8, 892704) (9, 1031514) (10, 1171980) (11, 1308591) (12, 1447984) (13, 1586238) (14, 1726479) (15, 1867280) (16, 2002700) (17, 2141600) (18, 2280907) (19, 2419935) (20, 2554809) (21, 2690253) (22, 2827181) (23, 2964282) (24, 3100774) (25, 3236972) (26, 3372882) (27, 3508956) (28, 3645009) (29, 3781112) (30, 3917494) (31, 4054186) (32, 4191439) (33, 4328935) (34, 4466984) (35, 4605148) (36, 4743178) (37, 4881561) (38, 5019930) (39, 5158156) (40, 5295875) (41, 5434290) (42, 5572521) (43, 5710819) (44, 5849095) (45, 5987504) (46, 6125808) (47, 6264095) (48, 6402053) (49, 6540168) (50, 6678411) (51, 6816587) (52, 6954562) (53, 7092575) (54, 7230535) (55, 7368346) (56, 7506306) (57, 7644290) (58, 7782333) (59, 7920190) (60, 8058190) (61, 8195789) (62, 8333343) (63, 8471250) (64, 8608659) (65, 8746167) (66, 8883545) (67, 9020945) (68, 9158086) (69, 9295379) (70, 9432582) (71, 9569606) (72, 9706731) (73, 9844146) (74, 9981439) (75, 10119032) (76, 10256493) (77, 10394037) (78, 10531259) (79, 10668556) (80, 10806072) (81, 10943493) (82, 11081020) (83, 11218590) (84, 11356098) (85, 11493580) (86, 11630482) (87, 11767755) (88, 11905063) (89, 12042548) (90, 12179784) (91, 12316951) (92, 12454180) (93, 12590825) (94, 12727673) (95, 12864751) (96, 13001885) (97, 13139377) (98, 13277098) (99, 13415317) (100, 13553522) (101, 13691799) (102, 13829799) (103, 13967930) (104, 14106033) (105, 14244126) (106, 14381655) (107, 14519415) (108, 14656621) (109, 14793906) (110, 14931076) (111, 15067101) (112, 15202898) (113, 15338874) (114, 15475126) (115, 15611381) (116, 15747847) (117, 15884417) (118, 16021169) (119, 16158226) (120, 16295152) (121, 16431767) (122, 16568239) (123, 16705026) (124, 16840697) (125, 16976199) (126, 17111863) (127, 17247497) 
-49 128
284
(0, 0) (1, 284) (2, 54745) (3, 190292) (4, 327899) (5, 468046) (6, 593487) (7, 718354) (8, 854388) (9, 977152) (10, 1106555) (11, 1243275) (12, 1372627) (13, 1508092) (14, 1644788) (15, 1785350) (16, 1926255) (17, 2067388) (18, 2208437) (19, 2340395) (20, 2465040) (21, 2588941) (22, 2708746) (23, 2827416) (24, 2949638) (25, 3065859) (26, 3182124) (27, 3298472) (28, 3414819) (29, 3531176) (30, 3647535) (31, 3763897) (32, 3880253) (33, 3996615) (34, 4112988) (35, 4229353) (36, 4345724) (37, 4462093) (38, 4578446) (39, 4694817) (40, 4811174) (41, 4927542) (42, 5043926) (43, 5160300) (44, 5276666) (45, 5393038) (46, 5509345) (47, 5625699) (48, 5742061) (49, 5858429) (50, 5974753) (51, 6091126) (52, 6207486) (53, 6323852) (54, 6440218) (55, 6556567) (56, 6672936) (57, 6789323) (58, 6905692) (59, 7022042) (60, 7138412) (61, 7254766) (62, 7371127) (63, 7487529) (64, 7603887) (65, 7720276) (66, 7836602) (67, 7952963) (68, 8069354) (69, 8185718) (70, 8302084) (71, 8418434) (72, 8534796) (73, 8651166) (74, 8767536) (75, 8883890) (76, 9000257) (77, 9116649) (78, 9233021) (79, 9349385) (80, 9465716) (81, 9582063) (82, 9698411) (83, 9814782) (84, 9931143) (85, 10047513) (86, 10163888) (87, 10280241) (88, 10396574) (89, 10512898) (90, 10629287) (91, 10745662) (92, 10862050) (93, 10978430) (94, 11094803) (95, 11211169) (96, 11327520) (97, 11443896) (98, 11560267) (99, 11676671) (100, 11793063) (101, 11909412) (102, 12025781) (103, 12142126) (104, 12258521) (105, 12374886) (106, 12491257) (107, 12607612) (108, 12723981) (109, 12840351) (110, 12956740) (111, 13073096) (112, 13189440) (113, 13305807) (114, 13422155) (115, 13538521) (116, 13654893) (117, 13771264) (118, 13887619) (119, 14003991) (120, 14120351) (121, 14236683) (122, 14353050) (123, 14469389) (124, 14585752) (125, 14702128) (126, 14818452) (127, 14934818) 
-4500 128
128
19 23 38 34 24 1 25 33 37 7
31 2 12 29 49 38 41 8 18 26
23 43 28 4 47 10 17 31 30 43
3 44 35 22 25 46 13 26 0 36
39 5 28 1 15 46 48 48 22 16
49 45 29 32 15 27 36 2 42 14
42 17 8 40 37 39 19 21 13 7
14 9 10 34 20 41 0 4 12 5
27 9 6 21 16 11 45 35 33 11
20 32 47 24 40 18 6 44 30 3
284
(0, 0) (1, 284) (2, 54745) (3, 185923) (4, 321704) (5, 441994) (6, 561977) (7, 692008) (8, 817310) (9, 944313) (10, 1071060) (11, 1195899) (12, 1326110) (13, 1454325) (14, 1583099) (15, 1712195) (16, 1843228) (17, 1973983) (18, 2103929) (19, 2236049) (20, 2367415) (21, 2497884) (22, 2627588) (23, 2757457) (24, 2889145) (25, 3020314) (26, 3149988) (27, 3281046) (28, 3411695) (29, 3542353) (30, 3672119) (31, 3802940) (32, 3935687) (33, 4067736) (34, 4197349) (35, 4328047) (36, 4459284) (37, 4589907) (38, 4720438) (39, 4850251) (40, 4980882) (41, 5113700) (42, 5243095) (43, 5375519) (44, 5505315) (45, 5638437) (46, 5770016) (47, 5901279) (48, 6031983) (49, 6165327) (50, 6296176) (51, 6425873) (52, 6558447) (53, 6689174) (54, 6819762) (55, 6952836) (56, 7082748) (57, 7215462) (58, 7345453) (59, 7477919) (60, 7608819) (61, 7739554) (62, 7869753) (63, 8002024) (64, 8132761) (65, 8263464) (66, 8395189) (67, 8525075) (68, 8655721) (69, 8786494) (70, 8917234) (71, 9047920) (72, 9178542) (73, 9309306) (74, 9440933) (75, 9571016) (76, 9701651) (77, 9832325) (78, 9963017) (79, 10093746) (80, 10224437) (81, 10355125) (82, 10485796) (83, 10616489) (84, 10747229) (85, 10877927) (86, 11008648) (87, 11139392) (88, 11270143) (89, 11400906) (90, 11531610) (91, 11662304) (92, 11792992) (93, 11923697) (94, 12054309) (95, 12185012) (96, 12315765) (97, 12446503) (98, 12577192) (99, 12707917) (100, 12838663) (101, 12969429) (102, 13100116) (103, 13230823) (104, 13361474) (105, 13492176) (106, 13622905) (107, 13753614) (108, 13884309) (109, 14015016) (110, 14145721) (111, 14276386) (112, 14407032) (113, 14537652) (114, 14668278) (115, 14799012) (116, 14929681) (117, 15060378) (118, 15191129) (119, 15321783) (120, 15452427) (121, 15583143) (122, 15713744) (123, 15844482) (124, 15975121) (125, 16105746) (126, 16236451) (127, 16367163) 
-24000 128
284
(0, 0) (1, 284) (2, 54745) (3, 188852) (4, 329648) (5, 470501) (6, 611263) (7, 752050) (8, 892704) (9, 1031514) (10, 1171980) (11, 1308591) (12, 1447984) (13, 1586238) (14, 1726479) (15, 1867280) (16, 2002700) (17, 2141600) (18, 2280907) (19, 2419935) (20, 2554809) (21, 2690253) (22, 2827181) (23, 2964282) (24, 3100774) (25, 3236972) (26, 3372882) (27, 3508956) (28, 3645009) (29, 3781112) (30, 3917494) (31, 4054186) (32, 4191439) (33, 4328935) (34, 4466984) (35, 4605148) (36, 4743178) (37, 4881561) (38, 5019930) (39, 5158156) (40, 5295875) (41, 5434290) (42, 5572521) (43, 5710819) (44, 5849095) (45, 5987504) (46, 6125808) (47, 6264095) (48, 6402053) (49, 6540168) (50, 6678411) (51, 6816587) (52, 6954562) (53, 7092575) (54, 7230535) (55, 7368346) (56, 7506306) (57, 7644290) (58, 7782333) (59, 7920190) (60, 8058190) (61, 8195789) (62, 8333343) (63, 8471250) (64, 8608659) (65, 8746167) (66, 8883545) (67, 9020945) (68, 9158086) (69, 9295379) (70, 9432582) (71, 9569606) (72, 9706731) (73, 9844146) (74, 9981439) (75, 10119032) (76, 10256493) (77, 10394037) (78, 10531259) (79, 10668556) (80, 10806072) (81, 10943493) (82, 11081020) (83, 11218590) (84, 11356098) (85, 11493580) (86, 11630482) (87, 11767755) (88, 11905063) (89, 12042548) (90, 12179784) (91, 12316951) (92, 12454180) (93, 12590825) (94, 12727673) (95, 12864751) (96, 13001885) (97, 13139377) (98, 13277098) (99, 13415317) (100, 13553522) (101, 13691799) (102, 13829799) (103, 13967930) (104, 14106033) (105, 14244126) (106, 14381655) (107, 14519415) (108, 14656621) (109, 14793906) (110, 14931076) (111, 15067101) (112, 15202898) (113, 15338874) (114, 15475126) (115, 15611381) (116, 15747847) (117, 15884417) (118, 16021169) (119, 16158226) (120, 16295152) (121, 16431767) (122, 16568239) (123, 16705026) (124, 16840697) (125, 16976199) (126, 17111863) (127, 17247497) 
-49 128
284
(0, 0) (1, 284) (2, 54745) (3, 190292) (4, 327899) (5, 468046) (6, 593487) (7, 718354) (8, 854388) (9, 977152) (10, 1106555) (11, 1243275) (12, 1372627) (13, 1508092) (14, 1644788) (15, 1785350) (16, 1926255) (17, 2067388) (18, 2208437) (19, 2340395) (20, 2465040) (21, 2588941) (22, 2708746) (23, 2827416) (24, 2949638) (25, 3065859) (26, 3182124) (27, 3298472) (28, 3414819) (29, 3531176) (30, 3647535) (31, 3763897) (32, 3880253) (33, 3996615) (34, 4112988) (35, 4229353) (36, 4345724) (37, 4462093) (38, 4578446) (39, 4694817) (40, 4811174) (41, 4927542) (42, 5043926) (43, 5160300) (44, 5276666) (45, 5393038) (46, 5509345) (47, 5625699) (48, 5742061) (49, 5858429) (50, 5974753) (51, 6091126) (52, 6207486) (53, 6323852) (54, 6440218) (55, 6556567) (56, 6672936) (57, 6789323) (58, 6905692) (59, 7022042) (60, 7138412) (61, 7254766) (62, 7371127) (63, 7487529) (64, 7603887) (65, 7720276) (66, 7836602) (67, 7952963) (68, 8069354) (69, 8185718) (70, 8302084) (71, 8418434) (72, 8534796) (73, 8651166) (74, 8767536) (75, 8883890) (76, 9000257) (77, 9116649) (78, 9233021) (79, 9349385) (80, 9465716) (81, 9582063) (82, 9698411) (83, 9814782) (84, 9931143) (85, 10047513) (86, 10163888) (87, 10280241) (88, 10396574) (89, 10512898) (90, 10629287) (91, 10745662) (92, 10862050) (93, 10978430) (94, 11094803) (95, 11211169) (96, 11327520) (97, 11443896) (98, 11560267) (99, 11676671) (100, 11793063) (101, 11909412) (102, 12025781) (103, 12142126) (104, 12258521) (105, 12374886) (106, 12491257) (107, 12607612) (108, 12723981) (109, 12840351) (110, 12956740) (111, 13073096) (112, 13189440) (113, 13305807) (114, 13422155) (115, 13538521) (116, 13654893) (117, 13771264) (118, 13887619) (119, 14003991) (120, 14120351) (121, 14236683) (122, 14353050) (123, 14469389) (124, 14585752) (125, 14702128) (126, 14818452) (127, 14934818) 
-4500 128
128
19 23 38 34 24 1 25 33 37 7
31 2 12 29 49 38 41 8 18 26
23 43 28 4 47 10 17 31 30 43
3 44 35 22 25 46 13 26 0 36
39 5 28 1 15 46 48 48 22 16
49 45 29 32 15 27 36 2 42 14
42 17 8 40 37 39 19 21 13 7
14 9 10 34 20 41 0 4 12 5
27 9 6 21 16 11 45 35 33 11
20 32 47 24 40 18 6 44 30 3
