505
(0, 0) (1, 505) (2, 169476) (3, 411518) (4, 634851) (5, 852524) (6, 1082993) (7, 1298321) (8, 1536890) (9, 1758415) (10, 1987925) (11, 2207307) (12, 2444483) (13, 2666423) (14, 2901348) (15, 3123306) (16, 3349462) (17, 3575717) (18, 3795234) (19, 4032443) (20, 4256594) (21, 4486578) (22, 4721318) (23, 4948302) (24, 5189534) (25, 5422367) (26, 5653003) (27, 5887365) (28, 6121943) (29, 6355305) (30, 6591184) (31, 6822888) (32, 7055573) (33, 7287611) (34, 7520457) (35, 7751927) (36, 7990064) (37, 8221762) (38, 8457681) (39, 8694916) (40, 8926481) (41, 9163570) (42, 9402592) (43, 9634810) (44, 9868839) (45, 10106200) (46, 10341774) (47, 10574853) (48, 10813107) (49, 11046299) (50, 11283479) (51, 11517272) (52, 11751140) (53, 11985126) (54, 12219489) (55, 12452798) (56, 12687032) (57, 12921840) (58, 13155471) (59, 13389671) (60, 13623288) (61, 13860402) (62, 14093918) (63, 14328058) (64, 14561643) (65, 14795070) (66, 15029081) (67, 15263255) (68, 15495760) (69, 15731048) (70, 15968289) (71, 16202824) (72, 16437967) (73, 16672834) (74, 16907398) (75, 17145175) (76, 17379762) (77, 17613981) (78, 17851427) (79, 18085653) (80, 18320569) (81, 18555121) (82, 18789935) (83, 19023922) (84, 19262121) (85, 19496387) (86, 19731226) (87, 19966443) (88, 20201427) (89, 20436588) (90, 20670856) (91, 20906154) (92, 21140975) (93, 21378433) (94, 21612652) (95, 21850121) (96, 22084325) (97, 22318601) (98, 22553027) (99, 22787564) 
-34002 99
505
(0, 0) (1, 505) (2, 169212) (3, 415038) (4, 666726) (5, 918831) (6, 1170324) (7, 1418699) (8, 1668407) (9, 1919175) (10, 2169615) (11, 2415216) (12, 2664328) (13, 2915486) (14, 3166823) (15, 3418272) (16, 3669840) (17, 3921402) (18, 4167527) (19, 4417243) (20, 4660280) (21, 4907728) (22, 5157129) (23, 5408654) (24, 5660228) (25, 5911824) (26, 6160883) (27, 6409864) (28, 6659370) (29, 6908225) (30, 7157026) (31, 7405732) (32, 7652838) (33, 7898210) (34, 8143086) (35, 8385789) (36, 8628168) (37, 8870852) (38, 9113720) (39, 9357645) (40, 9601554) (41, 9844496) (42, 10088359) (43, 10332316) (44, 10577369) (45, 10821901) (46, 11066490) (47, 11310024) (48, 11553698) (49, 11798382) (50, 12042695) (51, 12286376) (52, 12529711) (53, 12772109) (54, 13014864) (55, 13259113) (56, 13502584) (57, 13746656) (58, 13989852) (59, 14233371) (60, 14477346) (61, 14719223) (62, 14962429) (63, 15206133) (64, 15449122) (65, 15694391) (66, 15939266) (67, 16184564) (68, 16429827) (69, 16675381) (70, 16920989) (71, 17165088) (72, 17410488) (73, 17656077) (74, 17900872) (75, 18145429) (76, 18390065) (77, 18634839) (78, 18879583) (79, 19124270) (80, 19368850) (81, 19613574) (82, 19858287) (83, 20103355) (84, 20348387) (85, 20593764) (86, 20838782) (87, 21083511) (88, 21328400) (89, 21573600) (90, 21818762) (91, 22063927) (92, 22308877) (93, 22553596) (94, 22798514) (95, 23043083) (96, 23287576) (97, 23532087) (98, 23776485) (99, 24021080) (100, 24265758) (101, 24510076) (102, 24754257) (103, 24998548) (104, 25242494) (105, 25486313) (106, 25730376) (107, 25974438) (108, 26218429) (109, 26462322) (110, 26706038) (111, 26949268) (112, 27192364) (113, 27435288) (114, 27677583) (115, 27919878) (116, 28162903) (117, 28403880) (118, 28645763) (119, 28887652) (120, 29129538) (121, 29371598) (122, 29614556) (123, 29857255) (124, 30100877) (125, 30343159) (126, 30586645) (127, 30830468) 
-71 128
505
(0, 0) (1, 505) (2, 169091) (3, 416827) (4, 668208) (5, 918754) (6, 1142068) (7, 1390854) (8, 1635573) (9, 1884483) (10, 2120538) (11, 2359450) (12, 2607633) (13, 2853127) (14, 3103771) (15, 3354003) (16, 3604642) (17, 3824459) (18, 4070976) (19, 4306017) (20, 4555710) (21, 4796138) (22, 5038359) (23, 5257796) (24, 5477331) (25, 5691712) (26, 5906137) (27, 6119321) (28, 6333309) (29, 6545679) (30, 6758624) (31, 6971899) (32, 7183063) (33, 7394139) (34, 7605336) (35, 7816574) (36, 8027818) (37, 8239047) (38, 8449211) (39, 8659358) (40, 8869603) (41, 9080824) (42, 9292077) (43, 9503289) (44, 9714499) (45, 9925738) (46, 10136966) (47, 10348192) (48, 10559467) (49, 10770716) (50, 10981917) (51, 11193154) (52, 11404369) (53, 11615639) (54, 11826884) (55, 12038132) (56, 12249440) (57, 12460849) (58, 12678768) (59, 12886238) (60, 13093758) (61, 13301375) (62, 13509004) (63, 13716621) (64, 13924229) (65, 14131859) (66, 14339470) (67, 14547058) (68, 14754658) (69, 14962307) (70, 15169907) (71, 15377532) (72, 15585146) (73, 15792804) (74, 16000395) (75, 16207996) (76, 16415607) (77, 16623211) (78, 16830815) (79, 17038394) (80, 17245986) (81, 17453598) (82, 17661202) (83, 17868784) (84, 18076463) (85, 18284051) (86, 18491646) (87, 18699242) (88, 18906882) (89, 19114492) (90, 19322058) (91, 19529702) (92, 19737348) (93, 19944999) (94, 20152605) (95, 20360226) (96, 20567802) (97, 20775421) (98, 20983029) (99, 21190620) (100, 21398259) (101, 21605885) (102, 21813501) (103, 22021066) (104, 22228691) (105, 22436324) (106, 22643939) (107, 22851520) (108, 23059117) (109, 23266727) (110, 23474330) (111, 23681952) (112, 23889539) (113, 24097139) (114, 24304747) (115, 24512389) (116, 24720063) (117, 24927669) (118, 25135250) (119, 25342878) (120, 25550471) (121, 25758120) (122, 25965737) (123, 26173296) (124, 26380897) (125, 26588491) (126, 26796116) (127, 27003724) 
-7920 128
128
49 30 5 37 44 0 40 15 25 38 12 32
60 26 27 20 55 9 16 21 29 54 19 41
2 19 46 56 35 1 34 12 39 43 13 56
29 49 9 23 31 32 6 25 14 18 67 63
11 8 45 62 4 7 22 33 53 61 58 1
52 17 58 17 35 30 36 26 62 59 16 21
55 67 38 71 53 65 70 6 4 66 41 61
42 20 70 14 24 69 47 43 3 46 54 28
68 68 28 52 8 64 71 64 50 34 59 11
60 3 24 63 57 10 50 44 36 51 5 48
66 65 57 48 42 51 45 23 2 18 33 39
15 10 47 37 7 13 40 0 22 69 31 27
