505
(0, 0) (1, 505) (2, 169338) (3, 419159) (4, 635309) (5, 876320) (6, 1102039) (7, 1309636) (8, 1527083) (9, 1756609) (10, 1978927) (11, 2217373) (12, 2438942) (13, 2684398) (14, 2909399) (15, 3133675) (16, 3373703) (17, 3606429) (18, 3832096) (19, 4066597) (20, 4292043) (21, 4531186) (22, 4772690) (23, 5005827) (24, 5241115) (25, 5471299) (26, 5713489) (27, 5960125) (28, 6187285) (29, 6428663) (30, 6667331) (31, 6898302) (32, 7133552) (33, 7370864) (34, 7604215) (35, 7841670) (36, 8070330) (37, 8309198) (38, 8549163) (39, 8777013) (40, 9017073) (41, 9264335) (42, 9495116) (43, 9738462) (44, 9969556) (45, 10205220) (46, 10442361) (47, 10676433) (48, 10910332) (49, 11148040) (50, 11380433) (51, 11616934) (52, 11850693) (53, 12083926) (54, 12318146) (55, 12551955) (56, 12788545) (57, 13022780) (58, 13256108) (59, 13490913) (60, 13724485) (61, 13958292) (62, 14193144) (63, 14432381) (64, 14665890) (65, 14904476) (66, 15138670) (67, 15373998) (68, 15609168) (69, 15847433) (70, 16081533) (71, 16315702) (72, 16552871) (73, 16786733) (74, 17025247) (75, 17260063) (76, 17494856) (77, 17732901) (78, 17966847) (79, 18204975) (80, 18439270) (81, 18676358) (82, 18910692) (83, 19145289) (84, 19383822) (85, 19618488) (86, 19853096) (87, 20088879) (88, 20323783) (89, 20559066) (90, 20794530) (91, 21029480) (92, 21264365) (93, 21499158) (94, 21733728) (95, 21967701) (96, 22202010) (97, 22439042) (98, 22673147) (99, 22907151) (100, 23143868) (101, 23378164) (102, 23612355) (103, 23846794) (104, 24085315) (105, 24320003) 
-36000 105
505
(0, 0) (1, 505) (2, 169234) (3, 414453) (4, 664760) (5, 915716) (6, 1166333) (7, 1417014) (8, 1667625) (9, 1918035) (10, 2168526) (11, 2418993) (12, 2669829) (13, 2920516) (14, 3171180) (15, 3422079) (16, 3673420) (17, 3919698) (18, 4170173) (19, 4421877) (20, 4673675) (21, 4925476) (22, 5177298) (23, 5429031) (24, 5678416) (25, 5924829) (26, 6174868) (27, 6425344) (28, 6677261) (29, 6929245) (30, 7179924) (31, 7426970) (32, 7673174) (33, 7917902) (34, 8161034) (35, 8403055) (36, 8645457) (37, 8888855) (38, 9131092) (39, 9374258) (40, 9618132) (41, 9861309) (42, 10100078) (43, 10343142) (44, 10587551) (45, 10830997) (46, 11074733) (47, 11319465) (48, 11564052) (49, 11808792) (50, 12053222) (51, 12295939) (52, 12539031) (53, 12783673) (54, 13026880) (55, 13271428) (56, 13516545) (57, 13760532) (58, 14002995) (59, 14246587) (60, 14490213) (61, 14733837) (62, 14978011) (63, 15220573) (64, 15464024) (65, 15707494) (66, 15951236) (67, 16194800) (68, 16438076) (69, 16681374) (70, 16925193) (71, 17166488) (72, 17408753) (73, 17651140) (74, 17892921) (75, 18135351) (76, 18376545) (77, 18618693) (78, 18861055) (79, 19103283) (80, 19345690) (81, 19588168) (82, 19830514) (83, 20073096) (84, 20315595) (85, 20558087) (86, 20800964) (87, 21043740) (88, 21287792) (89, 21528809) (90, 21770612) (91, 22012668) (92, 22255646) (93, 22496987) (94, 22738123) (95, 22980286) (96, 23221497) (97, 23463308) (98, 23705746) (99, 23947675) (100, 24190420) (101, 24433435) (102, 24676781) (103, 24920221) (104, 25163640) (105, 25407221) (106, 25650894) (107, 25895005) (108, 26138213) (109, 26381801) (110, 26624788) (111, 26868083) (112, 27111534) (113, 27355224) (114, 27598783) (115, 27842895) (116, 28087065) (117, 28330597) (118, 28573929) (119, 28816932) (120, 29060012) (121, 29303314) (122, 29546517) (123, 29789650) (124, 30033135) (125, 30276159) (126, 30519591) (127, 30762029) 
-71 128
505
(0, 0) (1, 505) (2, 168951) (3, 395298) (4, 637260) (5, 859367) (6, 1103100) (7, 1353061) (8, 1574737) (9, 1816176) (10, 2065765) (11, 2314935) (12, 2554788) (13, 2793971) (14, 3039848) (15, 3266799) (16, 3513962) (17, 3750840) (18, 4000320) (19, 4249871) (20, 4500054) (21, 4750579) (22, 4991806) (23, 5237734) (24, 5482011) (25, 5712625) (26, 5934066) (27, 6152506) (28, 6366961) (29, 6581517) (30, 6794130) (31, 7006582) (32, 7218593) (33, 7430603) (34, 7642260) (35, 7860251) (36, 8069052) (37, 8277820) (38, 8486583) (39, 8695373) (40, 8904222) (41, 9112995) (42, 9321738) (43, 9530493) (44, 9739233) (45, 9948012) (46, 10156797) (47, 10365559) (48, 10574378) (49, 10783908) (50, 10993657) (51, 11210723) (52, 11418212) (53, 11625730) (54, 11833225) (55, 12040827) (56, 12248415) (57, 12456078) (58, 12663708) (59, 12871316) (60, 13078931) (61, 13286568) (62, 13494174) (63, 13701764) (64, 13909391) (65, 14116997) (66, 14324587) (67, 14532190) (68, 14739765) (69, 14947383) (70, 15155009) (71, 15362606) (72, 15570216) (73, 15777827) (74, 15985434) (75, 16193055) (76, 16400702) (77, 16608277) (78, 16815855) (79, 17023465) (80, 17231052) (81, 17438633) (82, 17646237) (83, 17853870) (84, 18061510) (85, 18269156) (86, 18476747) (87, 18684362) (88, 18891985) (89, 19099624) (90, 19307236) (91, 19514851) (92, 19722445) (93, 19930044) (94, 20137620) (95, 20345297) (96, 20552914) (97, 20760527) (98, 20968093) (99, 21175691) (100, 21383299) (101, 21590885) (102, 21798494) (103, 22006111) (104, 22213605) (105, 22421187) (106, 22628758) (107, 22836379) (108, 23043955) (109, 23251549) (110, 23459167) (111, 23666762) (112, 23874388) (113, 24082005) (114, 24289627) (115, 24497244) (116, 24704840) (117, 24912435) (118, 25120047) (119, 25327661) (120, 25535249) (121, 25742855) (122, 25950480) (123, 26158068) (124, 26365564) (125, 26573210) (126, 26780781) (127, 26988378) 
-7920 128
128
32 12 27 61 22 17 53 57 59 26 40 55
67 68 49 4 1 44 56 50 19 58 2 18
15 26 8 36 60 42 27 24 46 56 15 11
33 57 63 30 29 54 9 43 70 65 5 39
55 65 71 62 7 41 25 52 47 29 33 71
22 23 48 11 3 6 51 42 30 35 16 16
50 70 24 31 52 39 17 14 62 45 13 44
37 47 3 12 69 64 32 37 63 53 41 35
64 21 0 18 66 1 23 21 34 7 69 10
36 14 13 67 38 19 0 28 66 8 40 51
60 58 48 43 45 20 9 34 46 59 6 28
38 20 10 68 49 54 25 5 31 61 4 2
