284
(0, 0) (1, 284) (2, 54746) (3, 193426) (4, 313088) (5, 436302) (6, 560199) (7, 681914) (8, 806303) (9, 932078) (10, 1060610) (11, 1186751) (12, 1322900) (13, 1448191) (14, 1579868) (15, 1709729) (16, 1845159) (17, 1975825) (18, 2106540) (19, 2239855) (20, 2368846) (21, 2499256) (22, 2634178) (23, 2763097) (24, 2892887) (25, 3023051) (26, 3152473) (27, 3283668) (28, 3415106) (29, 3546214) (30, 3678556) (31, 3808594) (32, 3938504) (33, 4069296) (34, 4200562) (35, 4331024) (36, 4460558) (37, 4591131) (38, 4721771) (39, 4852226) (40, 4982291) (41, 5113580) (42, 5244325) (43, 5375355) (44, 5505453) (45, 5635741) (46, 5766729) (47, 5899998) (48, 6030531) (49, 6161306) (50, 6292210) (51, 6423102) (52, 6553728) (53, 6685077) (54, 6815636) (55, 6946269) (56, 7078848) (57, 7209328) (58, 7339858) (59, 7473048) 
-25000 59
284
(0, 0) (1, 284) (2, 54746) (3, 184190) (4, 322701) (5, 463075) (6, 603824) (7, 744781) (8, 882162) (9, 1021175) (10, 1161885) (11, 1303016) (12, 1444206) (13, 1585435) (14, 1724608) (15, 1861443) (16, 1999775) (17, 2132881) (18, 2270895) (19, 2410168) (20, 2548931) (21, 2685042) (22, 2822508) (23, 2960350) (24, 3098109) (25, 3234979) (26, 3371637) (27, 3507702) (28, 3644381) (29, 3779903) (30, 3915584) (31, 4051326) (32, 4187026) (33, 4322867) (34, 4457136) (35, 4592755) (36, 4728589) (37, 4864520) (38, 4998911) (39, 5134900) (40, 5269972) (41, 5403420) (42, 5538408) (43, 5672437) (44, 5806726) (45, 5941344) (46, 6075674) (47, 6210688) (48, 6345988) (49, 6482165) (50, 6616697) (51, 6752073) (52, 6887491) (53, 7022686) (54, 7157949) (55, 7292775) (56, 7426907) (57, 7560819) (58, 7694986) (59, 7829508) (60, 7963932) (61, 8098535) (62, 8233031) (63, 8367115) (64, 8501196) (65, 8634841) (66, 8768940) (67, 8903106) (68, 9037582) (69, 9172250) (70, 9307064) (71, 9441628) (72, 9577190) (73, 9712666) (74, 9848182) 
-50 74
284
(0, 0) (1, 284) (2, 54746) (3, 192256) (4, 333326) (5, 471189) (6, 609565) (7, 741623) (8, 879283) (9, 1010260) (10, 1139429) (11, 1272738) (12, 1409260) (13, 1549423) (14, 1686329) (15, 1822568) (16, 1953108) (17, 2076285) (18, 2200190) (19, 2321674) (20, 2445600) (21, 2566986) (22, 2683535) (23, 2799927) (24, 2916299) (25, 3032647) (26, 3149041) (27, 3265428) (28, 3381792) (29, 3498148) (30, 3614514) (31, 3730903) (32, 3847265) (33, 3963627) (34, 4079970) (35, 4196319) (36, 4312689) (37, 4429074) (38, 4545448) (39, 4661778) (40, 4778146) (41, 4894497) (42, 5010868) (43, 5127244) (44, 5243639) (45, 5359990) (46, 5476338) (47, 5592704) (48, 5709051) (49, 5825416) (50, 5941808) (51, 6058163) (52, 6174470) (53, 6290787) (54, 6407130) (55, 6523504) (56, 6639851) (57, 6756210) (58, 6872593) (59, 6988940) (60, 7105311) (61, 7221679) (62, 7338051) (63, 7454435) (64, 7570799) (65, 7687150) (66, 7803537) (67, 7919921) (68, 8036288) (69, 8152655) (70, 8269014) (71, 8385387) (72, 8501717) (73, 8618070) (74, 8734440) (75, 8850810) (76, 8967155) (77, 9083509) (78, 9199871) (79, 9316258) (80, 9432633) (81, 9548986) (82, 9665335) (83, 9781687) (84, 9898016) (85, 10014384) (86, 10130755) (87, 10247081) (88, 10363408) (89, 10479737) (90, 10596109) (91, 10712473) (92, 10828802) (93, 10945159) (94, 11061526) (95, 11177887) (96, 11294260) (97, 11410602) (98, 11526992) 284
(0, 0) (1, 284) (2, 54746) (3, 193426) (4, 313088) (5, 436302) (6, 560199) (7, 681914) (8, 806303) (9, 932078) (10, 1060610) (11, 1186751) (12, 1322900) (13, 1448191) (14, 1579868) (15, 1709729) (16, 1845159) (17, 1975825) (18, 2106540) (19, 2239855) (20, 2368846) (21, 2499256) (22, 2634178) (23, 2763097) (24, 2892887) (25, 3023051) (26, 3152473) (27, 3283668) (28, 3415106) (29, 3546214) (30, 3678556) (31, 3808594) (32, 3938504) (33, 4069296) (34, 4200562) (35, 4331024) (36, 4460558) (37, 4591131) (38, 4721771) (39, 4852226) (40, 4982291) (41, 5113580) (42, 5244325) (43, 5375355) (44, 5505453) (45, 5635741) (46, 5766729) (47, 5899998) (48, 6030531) (49, 6161306) (50, 6292210) (51, 6423102) (52, 6553728) (53, 6685077) (54, 6815636) (55, 6946269) (56, 7078848) (57, 7209328) (58, 7339858) (59, 7473048) 
-25000 59
284
(0, 0) (1, 284) (2, 54746) (3, 184190) (4, 322701) (5, 463075) (6, 603824) (7, 744781) (8, 882162) (9, 1021175) (10, 1161885) (11, 1303016) (12, 1444206) (13, 1585435) (14, 1724608) (15, 1861443) (16, 1999775) (17, 2132881) (18, 2270895) (19, 2410168) (20, 2548931) (21, 2685042) (22, 2822508) (23, 2960350) (24, 3098109) (25, 3234979) (26, 3371637) (27, 3507702) (28, 3644381) (29, 3779903) (30, 3915584) (31, 4051326) (32, 4187026) (33, 4322867) (34, 4457136) (35, 4592755) (36, 4728589) (37, 4864520) (38, 4998911) (39, 5134900) (40, 5269972) (41, 5403420) (42, 5538408) (43, 5672437) (44, 5806726) (45, 5941344) (46, 6075674) (47, 6210688) (48, 6345988) (49, 6482165) (50, 6616697) (51, 6752073) (52, 6887491) (53, 7022686) (54, 7157949) (55, 7292775) (56, 7426907) (57, 7560819) (58, 7694986) (59, 7829508) (60, 7963932) (61, 8098535) (62, 8233031) (63, 8367115) (64, 8501196) (65, 8634841) (66, 8768940) (67, 8903106) (68, 9037582) (69, 9172250) (70, 9307064) (71, 9441628) (72, 9577190) (73, 9712666) (74, 9848182) 
-50 74
284
(0, 0) (1, 284) (2, 54746) (3, 192256) (4, 333326) (5, 471189) (6, 609565) (7, 741623) (8, 879283) (9, 1010260) (10, 1139429) (11, 1272738) (12, 1409260) (13, 1549423) (14, 1686329) (15, 1822568) (16, 1953108) (17, 2076285) (18, 2200190) (19, 2321674) (20, 2445600) (21, 2566986) (22, 2683535) (23, 2799927) (24, 2916299) (25, 3032647) (26, 3149041) (27, 3265428) (28, 3381792) (29, 3498148) (30, 3614514) (31, 3730903) (32, 3847265) (33, 3963627) (34, 4079970) (35, 4196319) (36, 4312689) (37, 4429074) (38, 4545448) (39, 4661778) (40, 4778146) (41, 4894497) (42, 5010868) (43, 5127244) (44, 5243639) (45, 5359990) (46, 5476338) (47, 5592704) (48, 5709051) (49, 5825416) (50, 5941808) (51, 6058163) (52, 6174470) (53, 6290787) (54, 6407130) (55, 6523504) (56, 6639851) (57, 6756210) (58, 6872593) (59, 6988940) (60, 7105311) (61, 7221679) (62, 7338051) (63, 7454435) (64, 7570799) (65, 7687150) (66, 7803537) (67, 7919921) (68, 8036288) (69, 8152655) (70, 8269014) (71, 8385387) (72, 8501717) (73, 8618070) (74, 8734440) (75, 8850810) (76, 8967155) (77, 9083509) (78, 9199871) (79, 9316258) (80, 9432633) (81, 9548986) (82, 9665335) (83, 9781687) (84, 9898016) (85, 10014384) (86, 10130755) (87, 10247081) (88, 10363408) (89, 10479737) (90, 10596109) (91, 10712473) (92, 10828802) (93, 10945159) (94, 11061526) (95, 11177887) (96, 11294260) (97, 11410602) (98, 11526992) (99, 11643334) (100, 11759705) (101, 11876076) (102, 11992442) (103, 12108732) (104, 12225089) (105, 12341423) (106, 12457814) (107, 12574208) (108, 12690577) (109, 12806935) (110, 12923307) (111, 13039679) (112, 13156070) (113, 13272421) (114, 13388778) (115, 13505159) (116, 13621514) (117, 13737909) (118, 13854243) (119, 13970612) (120, 14086962) (121, 14203323) (122, 14319653) (123, 14436023) (124, 14552395) (125, 14668782) (126, 14785105) (127, 14901451) 
-4500 128
128
23 27 3 36 22 41 41 7 19 17
44 24 32 19 18 46 42 14 15 43
21 1 16 10 13 30 2 2 5 7
29 48 26 31 8 22 9 37 18 45
8 37 38 14 43 38 4 40 16 48
39 46 40 6 4 0 17 35 33 35
11 25 32 47 15 36 11 0 33 49
13 9 47 12 45 10 29 1 23 6
30 24 28 12 27 39 5 20 44 42
25 21 31 20 34 49 28 26 3 34
