505
(0, 0) (1, 505) (2, 169192) (3, 357835) (4, 607600) (5, 812599) (6, 1061470) (7, 1277468) (8, 1504998) (9, 1730293) (10, 1956243) (11, 2179050) (12, 2419540) (13, 2637456) (14, 2869518) (15, 3108371) (16, 3337597) (17, 3570583) (18, 3794965) (19, 4041224) (20, 4289995) (21, 4513582) (22, 4752277) (23, 4981451) (24, 5210048) (25, 5439718) (26, 5668511) (27, 5904179) (28, 6134352) (29, 6368043) (30, 6595785) (31, 6829675) (32, 7067902) (33, 7300942) (34, 7534448) (35, 7767485) (36, 8001127) (37, 8236612) (38, 8470323) (39, 8704520) (40, 8937202) (41, 9168960) (42, 9403556) (43, 9641713) (44, 9874254) (45, 10110145) (46, 10342000) (47, 10574805) (48, 10810072) (49, 11043679) (50, 11276071) (51, 11509841) (52, 11748187) (53, 11982325) (54, 12215697) (55, 12449320) (56, 12682836) (57, 12916875) (58, 13150032) (59, 13387823) (60, 13621535) (61, 13855061) (62, 14088586) (63, 14323223) (64, 14557369) (65, 14791199) (66, 15027968) (67, 15261279) (68, 15499420) (69, 15734221) (70, 15968390) (71, 16205339) (72, 16440004) (73, 16673471) (74, 16907320) (75, 17141086) (76, 17379004) (77, 17612815) (78, 17846743) (79, 18081299) (80, 18315342) (81, 18549203) (82, 18787288) (83, 19021461) (84, 19254963) (85, 19489168) (86, 19724083) (87, 19959064) (88, 20195079) (89, 20433427) (90, 20668518) (91, 20902910) (92, 21140483) (93, 21375123) (94, 21609327) (95, 21843317) (96, 22081552) (97, 22315674) (98, 22553709) (99, 22788126) (100, 23026196) (101, 23260311) (102, 23496751) (103, 23731013) (104, 23965250) (105, 24199648) (106, 24434199) (107, 24668712) (108, 24905943) (109, 25140716) (110, 25374792) (111, 25608714) (112, 25846905) 
-36000 112
505
(0, 0) (1, 505) (2, 169097) (3, 414748) (4, 664988) (5, 916288) (6, 1167387) (7, 1418445) (8, 1668716) (9, 1919402) (10, 2170208) (11, 2420975) (12, 2672064) (13, 2922946) (14, 3173952) (15, 3425144) (16, 3676009) (17, 3927262) (18, 4178593) (19, 4430063) (20, 4681722) (21, 4933557) (22, 5185549) (23, 5437493) (24, 5681405) (25, 5930695) (26, 6181587) (27, 6432754) (28, 6682129) (29, 6928154) (30, 7174378) (31, 7420953) (32, 7665889) (33, 7910458) (34, 8154650) (35, 8399910) (36, 8644282) (37, 8889101) (38, 9133435) (39, 9378163) (40, 9622687) (41, 9866825) (42, 10110414) (43, 10354097) (44, 10598665) (45, 10842883) (46, 11087535) (47, 11331045) (48, 11575577) (49, 11819993) (50, 12064311) (51, 12308282) (52, 12552636) (53, 12794918) (54, 13038177) (55, 13281628) (56, 13525343) (57, 13768002) (58, 14011831) (59, 14256308) (60, 14499549) (61, 14743196) (62, 14987235) (63, 15230368) (64, 15474264) (65, 15718270) (66, 15963500) (67, 16208732) (68, 16454696) (69, 16700395) (70, 16946561) (71, 17189900) (72, 17434869) (73, 17679923) (74, 17923519) (75, 18168906) (76, 18414534) (77, 18660566) (78, 18905685) (79, 19151381) (80, 19397504) (81, 19643371) (82, 19888807) (83, 20134498) (84, 20379782) (85, 20625437) (86, 20870820) (87, 21116001) (88, 21361451) (89, 21606533) (90, 21851017) (91, 22094823) (92, 22339014) (93, 22583150) (94, 22827927) (95, 23073094) (96, 23317967) (97, 23562698) (98, 23807567) (99, 24052193) (100, 24297079) (101, 24541844) (102, 24786654) (103, 25031885) (104, 25276787) (105, 25521623) (106, 25766536) (107, 26011685) (108, 26256403) (109, 26501020) (110, 26746145) (111, 26990756) (112, 27235527) (113, 27480052) (114, 27723535) (115, 27967284) (116, 28208959) (117, 28452150) (118, 28695112) (119, 28937686) (120, 29179530) (121, 29421169) (122, 29662758) (123, 29903603) (124, 30144271) (125, 30385672) (126, 30626785) (127, 30867234) 
-71 128
505
(0, 0) (1, 505) (2, 169028) (3, 419171) (4, 670027) (5, 885979) (6, 1132663) (7, 1351584) (8, 1593734) (9, 1819989) (10, 2050180) (11, 2292559) (12, 2540854) (13, 2790692) (14, 3014504) (15, 3248138) (16, 3479176) (17, 3728189) (18, 3978938) (19, 4229957) (20, 4481161) (21, 4732471) (22, 4983882) (23, 5234660) (24, 5470808) (25, 5698006) (26, 5918270) (27, 6134752) (28, 6350701) (29, 6564886) (30, 6779190) (31, 6994791) (32, 7207393) (33, 7427205) (34, 7637888) (35, 7848527) (36, 8059171) (37, 8269861) (38, 8480489) (39, 8691173) (40, 8901804) (41, 9112523) (42, 9322968) (43, 9533507) (44, 9743796) (45, 9954081) (46, 10164393) (47, 10374628) (48, 10584906) (49, 10795190) (50, 11005457) (51, 11215755) (52, 11425998) (53, 11636346) (54, 11846664) (55, 12056924) (56, 12267207) (57, 12477484) (58, 12687789) (59, 12898128) (60, 13108456) (61, 13318717) (62, 13528966) (63, 13739244) (64, 13949509) (65, 14159723) (66, 14370024) (67, 14580284) (68, 14790541) (69, 15000802) (70, 15211094) (71, 15421232) (72, 15631518) (73, 15841784) (74, 16052056) (75, 16262301) (76, 16472581) (77, 16682832) (78, 16893103) (79, 17103458) (80, 17313734) (81, 17523994) (82, 17734267) (83, 17944532) (84, 18154795) (85, 18365076) (86, 18575374) (87, 18785630) (88, 18995935) (89, 19206215) (90, 19416462) (91, 19626740) (92, 19837017) (93, 20047301) (94, 20257577) (95, 20467853) (96, 20678080) (97, 20888343) (98, 21098633) (99, 21308888) (100, 21519150) (101, 21729457) (102, 21939737) (103, 22150018) (104, 22360288) (105, 22570571) (106, 22780890) (107, 22991174) (108, 23201453) (109, 23411737) (110, 23622122) (111, 23832428) (112, 24042694) (113, 24252962) (114, 24463269) (115, 24673570) (116, 24883832) (117, 25094100) (118, 25304405) (119, 25514750) (120, 25725049) (121, 25935398) (122, 26145668) (123, 26355956) (124, 26566316) (125, 26776563) (126, 26986833) (127, 27197110) 
-7900 128
128
24 49 40 61 17 14 10 45 17 41 71 59
6 49 68 23 12 22 10 58 65 16 63 60
70 40 63 66 36 13 35 45 1 3 37 38
3 47 67 55 42 35 0 13 69 15 44 8
12 6 68 2 23 21 18 54 25 32 57 46
16 41 33 56 55 15 50 27 60 18 51 29
44 26 62 31 57 19 30 62 34 59 28 39
0 11 67 38 61 42 46 24 8 9 21 54
48 69 53 64 9 28 48 7 34 37 19 43
32 29 27 5 52 56 58 4 2 53 14 22
51 30 70 25 50 43 26 39 4 5 33 65
47 71 11 66 36 20 7 1 52 20 31 64
