505
(0, 0) (1, 505) (2, 169595) (3, 419209) (4, 639875) (5, 861781) (6, 1087471) (7, 1306261) (8, 1536909) (9, 1755771) (10, 2002371) (11, 2218508) (12, 2462749) (13, 2695012) (14, 2914484) (15, 3161778) (16, 3388361) (17, 3633439) (18, 3863084) (19, 4110421) (20, 4340692) (21, 4586908) (22, 4814124) (23, 5044789) (24, 5275240) (25, 5504256) (26, 5735422) (27, 5968002) (28, 6196154) (29, 6429372) (30, 6657793) (31, 6892229) (32, 7124455) (33, 7355461) (34, 7588356) (35, 7826656) (36, 8059752) (37, 8292671) (38, 8527321) (39, 8758181) (40, 8994598) (41, 9229382) (42, 9462786) (43, 9697683) (44, 9929543) (45, 10165333) (46, 10398884) (47, 10635010) (48, 10867524) (49, 11103007) (50, 11337249) (51, 11571878) (52, 11807275) (53, 12040322) (54, 12279093) (55, 12512468) (56, 12745984) (57, 12985395) (58, 13219620) (59, 13454665) (60, 13688419) (61, 13923354) (62, 14158163) (63, 14391838) (64, 14627497) (65, 14862736) (66, 15096976) (67, 15331692) (68, 15568266) (69, 15803050) (70, 16037512) (71, 16275987) (72, 16509977) (73, 16745498) (74, 16980217) (75, 17215631) (76, 17450427) (77, 17685525) (78, 17920448) (79, 18155840) (80, 18391389) (81, 18625444) (82, 18862622) (83, 19096772) (84, 19333608) (85, 19567620) (86, 19804128) (87, 20037842) (88, 20276089) (89, 20510661) (90, 20744482) (91, 20978711) (92, 21216978) (93, 21451090) (94, 21687913) (95, 21922217) (96, 22159421) (97, 22393397) (98, 22630358) (99, 22864411) (100, 23099045) (101, 23333699) (102, 23567578) (103, 23803889) (104, 24037797) (105, 24271767) (106, 24506421) (107, 24744714) (108, 24978852) (109, 25212978) (110, 25447377) (111, 25681691) (112, 25916114) (113, 26150377) (114, 26384724) (115, 26619164) (116, 26853630) (117, 27088048) (118, 27322506) (119, 27556886) (120, 27791425) (121, 28025914) (122, 28260382) (123, 28494760) (124, 28729279) (125, 28963652) (126, 29198017) (127, 29432530) 
-36000 128
505
(0, 0) (1, 505) (2, 169314) (3, 408923) (4, 657588) (5, 907988) (6, 1159786) (7, 1410969) (8, 1662047) (9, 1912988) (10, 2163899) (11, 2405905) (12, 2656236) (13, 2907372) (14, 3158485) (15, 3402600) (16, 3653152) (17, 3892412) (18, 4140196) (19, 4387655) (20, 4637851) (21, 4886267) (22, 5132366) (23, 5380251) (24, 5620843) (25, 5868642) (26, 6118875) (27, 6369301) (28, 6618866) (29, 6866423) (30, 7110627) (31, 7355166) (32, 7597009) (33, 7838747) (34, 8080817) (35, 8323551) (36, 8566729) (37, 8811201) (38, 9055496) (39, 9299427) (40, 9544980) (41, 9789110) (42, 10033467) (43, 10277608) (44, 10522294) (45, 10766227) (46, 11010941) (47, 11254796) (48, 11498918) (49, 11741691) (50, 11985784) (51, 12229459) (52, 12473177) (53, 12716867) (54, 12959849) (55, 13204047) (56, 13448739) (57, 13693719) (58, 13939178) (59, 14184702) (60, 14430050) (61, 14676277) (62, 14921937) (63, 15168041) (64, 15413993) (65, 15659503) (66, 15905681) (67, 16152275) (68, 16398635) (69, 16645067) (70, 16891696) (71, 17136780) (72, 17382620) (73, 17628121) (74, 17874055) (75, 18117558) (76, 18362807) (77, 18608147) (78, 18853927) (79, 19099164) (80, 19344707) (81, 19590106) (82, 19834925) (83, 20079678) (84, 20324452) (85, 20569271) (86, 20814138) (87, 21056222) (88, 21299387) (89, 21543339) (90, 21786176) (91, 22029530) (92, 22273187) (93, 22516896) (94, 22760315) (95, 23001853) (96, 23244692) (97, 23487713) (98, 23730678) (99, 23973491) (100, 24216499) (101, 24459329) (102, 24702642) (103, 24945763) (104, 25188991) (105, 25432408) (106, 25675928) (107, 25917641) (108, 26160455) 
-72 108
505
(0, 0) (1, 505) (2, 168873) (3, 376290) (4, 592429) (5, 839211) (6, 1087031) (7, 1336384) (8, 1585862) (9, 1835417) (10, 2084839) (11, 2334819) (12, 2585378) (13, 2836421) (14, 3087272) (15, 3338313) (16, 3589435) (17, 3834232) (18, 4061804) (19, 4303641) (20, 4536835) (21, 4765787) (22, 5002597) (23, 5238872) (24, 5462084) (25, 5682661) (26, 5901906) (27, 6121082) (28, 6335998) (29, 6549322) (30, 6762420) (31, 6975673) (32, 7188911) (33, 7402179) (34, 7615696) (35, 7835932) (36, 8047005) (37, 8258167) (38, 8469384) (39, 8680682) (40, 8891860) (41, 9103055) (42, 9314116) (43, 9525303) (44, 9743550) (45, 9951130) (46, 10158717) (47, 10366320) (48, 10573913) (49, 10781491) (50, 10989163) (51, 11196770) (52, 11404432) (53, 11612059) (54, 11819673) (55, 12027292) (56, 12234891) (57, 12442500) (58, 12650117) (59, 12857776) (60, 13065358) (61, 13272951) (62, 13480565) (63, 13688184) (64, 13895768) (65, 14103383) (66, 14311002) (67, 14518602) (68, 14726228) (69, 14933831) (70, 15141450) (71, 15349052) (72, 15556726) (73, 15764335) (74, 15971915) (75, 16179518) (76, 16387126) (77, 16594597) (78, 16802201) (79, 17009765) (80, 17217354) (81, 17424948) (82, 17632547) (83, 17840142) (84, 18047732) (85, 18255317) (86, 18462981) (87, 18670589) (88, 18878184) (89, 19085785) (90, 19293377) (91, 19500973) (92, 19708579) (93, 19916150) (94, 20123771) (95, 20331376) (96, 20539003) (97, 20746582) (98, 20954177) (99, 21161798) (100, 21369382) (101, 21576997) (102, 21784604) (103, 21992218) (104, 22199840) (105, 22407434) (106, 22615118) (107, 22822725) (108, 23030327) (109, 23237975) (110, 23445564) (111, 23653059) (112, 23860677) (113, 24068332) (114, 24275953) (115, 24483531) (116, 24691132) (117, 24898716) (118, 25106330) (119, 25313993) (120, 25521597) (121, 25729201) (122, 25936819) (123, 26144429) (124, 26352034) (125, 26559667) (126, 26767338) (127, 26974953) 
-7920 128
128
60 43 14 26 66 61 41 6 39 7 31 64
1 54 58 71 43 10 32 4 51 21 8 34
15 55 29 28 60 0 33 27 23 19 66 61
27 2 54 34 20 11 36 30 25 48 51 12
36 22 44 67 50 0 52 69 49 10 56 65
17 65 38 59 35 46 3 56 47 37 63 2
5 9 55 8 69 46 52 71 16 44 50 11
9 31 18 53 48 67 42 28 62 14 20 40
33 59 32 13 42 16 13 63 26 49 22 18
57 7 21 6 1 4 25 15 12 58 30 40
45 24 3 53 35 24 68 57 29 39 5 38
17 47 37 70 64 68 70 41 23 19 62 45
