284
(0, 0) (1, 284) (2, 54746) (3, 173445) (4, 306946) (5, 447431) (6, 568330) (7, 686396) (8, 810995) (9, 935870) (10, 1070546) (11, 1195293) (12, 1326674) (13, 1457631) (14, 1590116) (15, 1719184) (16, 1849411) (17, 1984835) (18, 2112878) (19, 2246318) (20, 2376332) (21, 2506049) (22, 2636333) (23, 2769327) (24, 2900150) (25, 3030599) (26, 3162517) (27, 3292699) (28, 3424406) (29, 3554603) (30, 3685525) (31, 3816453) (32, 3945939) (33, 4079315) (34, 4210393) (35, 4342290) (36, 4472482) (37, 4604528) (38, 4735435) (39, 4866120) (40, 4996805) (41, 5127660) (42, 5258160) (43, 5391301) (44, 5522244) (45, 5653282) (46, 5783516) (47, 5917144) (48, 6047988) (49, 6178689) (50, 6309438) (51, 6440262) (52, 6572791) (53, 6703524) (54, 6833724) (55, 6966714) (56, 7096471) (57, 7227793) (58, 7357992) (59, 7491401) (60, 7622231) (61, 7752650) (62, 7882380) (63, 8013103) (64, 8143789) (65, 8274545) (66, 8405151) (67, 8535808) (68, 8667373) 
-23002 68
284
(0, 0) (1, 284) (2, 54746) (3, 187636) (4, 328673) (5, 469372) (6, 609974) (7, 750569) (8, 891298) (9, 1031917) (10, 1171416) (11, 1310586) (12, 1450254) (13, 1591516) (14, 1732839) (15, 1872368) (16, 2012655) (17, 2151422) (18, 2290536) (19, 2431261) (20, 2572347) (21, 2712256) (22, 2850409) (23, 2987903) (24, 3125217) (25, 3261898) (26, 3398912) (27, 3535024) (28, 3671225) (29, 3806756) (30, 3943185) (31, 4079810) (32, 4215866) (33, 4352494) (34, 4489170) (35, 4625205) (36, 4760731) (37, 4896448) (38, 5032355) (39, 5166713) (40, 5302847) (41, 5438632) (42, 5574389) (43, 5710554) (44, 5846958) (45, 5983141) (46, 6119297) (47, 6255156) (48, 6390993) (49, 6526818) (50, 6662603) (51, 6798480) (52, 6934276) (53, 7070117) (54, 7205597) (55, 7341006) (56, 7476572) (57, 7612095) (58, 7747610) (59, 7883003) (60, 8018128) (61, 8153314) (62, 8287984) (63, 8422718) (64, 8557537) (65, 8692481) (66, 8826984) (67, 8961320) (68, 9095832) (69, 9230526) (70, 9365142) (71, 9499707) (72, 9634295) (73, 9769031) (74, 9903666) (75, 10038011) (76, 10172805) (77, 10308052) (78, 10443048) (79, 10577956) (80, 10712584) (81, 10847393) (82, 10981936) (83, 11116801) (84, 11251682) (85, 11386045) (86, 11520386) (87, 11654494) (88, 11789026) (89, 11923085) (90, 12057851) (91, 12192605) (92, 12327348) (93, 12462102) (94, 12596957) (95, 12731791) (96, 12866260) (97, 13001104) (98, 13135323) (99, 13269415) (100, 13402770) (101, 13536428) (102, 13669596) (103, 13803264) (104, 13936943) (105, 14070538) (106, 14203657) (107, 14337158) (108, 14471004) (109, 14602873) 
-50 109
284
(0, 0) (1, 284) (2, 54746) (3, 174427) (4, 311725) (5, 452016) (6, 588352) (7, 728736) (8, 856428) (9, 983369) (10, 1113187) (11, 1251107) (12, 1387634) (13, 1516195) (14, 1649139) (15, 1785676) (16, 1926084) (17, 2063161) (18, 2196304) (19, 2322095) (20, 2442622) (21, 2561861) (22, 2681858) (23, 2799755) (24, 2918734) (25, 3039884) (26, 3156201) (27, 3272423) (28, 3388804) (29, 3505148) (30, 3621542) (31, 3737915) (32, 3854287) (33, 3970662) (34, 4087026) (35, 4203354) (36, 4319740) (37, 4436113) (38, 4552487) (39, 4668870) (40, 4785241) (41, 4901597) (42, 5017930) (43, 5134263) (44, 5250638) (45, 5367010) (46, 5483377) (47, 5599744) (48, 5716116) (49, 5832489) (50, 5948818) (51, 6065173) (52, 6181539) (53, 6297905) (54, 6414275) (55, 6530631) (56, 6646999) (57, 6763352) (58, 6879761) (59, 6996132) (60, 7112523) (61, 7228875) (62, 7345232) (63, 7461602) (64, 7577979) (65, 7694359) (66, 7810717) (67, 7927105) (68, 8043456) (69, 8159798) (70, 8276170) (71, 8392516) (72, 8508892) (73, 8625285) (74, 8741655) (75, 8858027) (76, 8974409) (77, 9090742) (78, 9207087) (79, 9323480) (80, 9439833) (81, 9556217) (82, 9672507) (83, 9788851) (84, 9905207) (85, 10021574) (86, 10137972) (87, 10254302) (88, 10370663) (89, 10487049) (90, 10603422) (91, 10719778) (92, 10836141) (93, 10952519) (94, 11068869) (95, 11185214) (96, 11301601) (97, 11417976) (98, 11534348) (99, 11650719) (100, 11767092) (101, 11883481) (102, 11999845) (103, 12116214) (104, 12232589) (105, 12348915) (106, 12465285) (107, 12581643) (108, 12698007) (109, 12814398) (110, 12930764) (111, 13047112) (112, 13163478) (113, 13279848) (114, 13396208) (115, 13512575) (116, 13628931) (117, 13745280) (118, 13861631) (119, 13977985) (120, 14094365) (121, 14210764) (122, 14327137) (123, 14443504) (124, 14559865) (125, 14676230) (126, 14792596) (127, 14908957) 
-4500 128
128
33 4 15 15 3 12 13 43 42 12
46 23 0 38 8 44 11 18 22 13
39 2 10 14 25 43 27 6 41 6
47 16 24 3 22 26 1 28 23 37
47 1 0 29 19 34 7 18 33 49
41 27 46 48 26 34 40 21 30 10
44 31 2 35 9 21 39 45 32 14
36 32 7 17 37 49 38 11 28 36
5 8 31 16 9 30 42 45 25 20
24 19 4 40 17 35 20 5 48 29
