139
(0, 0) (1, 139) (2, 13481) (3, 78617) (4, 142291) (5, 205618) (6, 265978) (7, 328817) (8, 392953) (9, 456536) (10, 518380) (11, 581244) (12, 643495) (13, 707994) (14, 770866) (15, 833051) (16, 895807) (17, 958646) (18, 1022844) (19, 1085254) (20, 1149547) (21, 1213526) (22, 1276882) (23, 1339146) (24, 1402237) (25, 1464904) (26, 1529057) (27, 1591313) (28, 1654502) (29, 1718974) (30, 1782013) (31, 1846086) (32, 1909112) (33, 1972123) 
-14002 33
139
(0, 0) (1, 139) (2, 13481) (3, 75247) (4, 142721) (5, 211155) (6, 279662) (7, 347757) (8, 416066) (9, 484563) (10, 553236) (11, 621567) (12, 688958) (13, 756780) (14, 823769) (15, 889355) (16, 955576) (17, 1021584) (18, 1087517) (19, 1153374) (20, 1219038) (21, 1285463) (22, 1351271) (23, 1417178) (24, 1482846) (25, 1547570) (26, 1612501) 
-32 26
139
(0, 0) (1, 139) (2, 13481) (3, 75775) (4, 142208) (5, 205367) (6, 269209) (7, 335590) (8, 402638) (9, 467336) (10, 529110) (11, 593450) (12, 654281) (13, 714134) (14, 772123) (15, 829609) (16, 886897) (17, 944295) (18, 1001587) (19, 1058880) (20, 1116172) (21, 1173462) (22, 1230747) (23, 1288041) (24, 1345334) (25, 1402615) (26, 1459906) (27, 1517203) (28, 1574487) (29, 1631763) (30, 1689053) (31, 1746339) (32, 1803633) (33, 1860927) (34, 1918221) (35, 1975511) (36, 2032805) (37, 2090143) (38, 2147433) (39, 2204720) (40, 2262005) (41, 2319347) (42, 2376637) (43, 2433922) (44, 2491212) (45, 2548501) (46, 2605792) (47, 2663087) (48, 2720379) (49, 2777672) (50, 2834963) (51, 2892308) (52, 2949595) (53, 3006935) (54, 3064230) (55, 3121522) (56, 3178810) (57, 3236098) (58, 3293384) (59, 3350818) (60, 3408111) (61, 3465450) (62, 3522743) (63, 3580084) (64, 3637430) (65, 3694724) (66, 3752064) (67, 3809358) (68, 3866696) (69, 3923982) (70, 3981270) (71, 4038564) (72, 4096015) (73, 4153306) (74, 4210605) (75, 4267902) (76, 4325291) (77, 4382584) (78, 4439874) (79, 4497161) (80, 4554450) (81, 4611745) (82, 4669085) (83, 4726427) (84, 4783769) (85, 4841061) (86, 4898345) (87, 4955633) (88, 5012929) (89, 5070221) (90, 5127512) (91, 5184800) (92, 5242136) (93, 5299432) (94, 5356728) (95, 5414071) (96, 5471358) (97, 5528649) (98, 5585937) (99, 5643227) (100, 5700566) (101, 5757858) (102, 5815147) (103, 5872439) (104, 5929732) (105, 5987027) (106, 6044314) (107, 6101601) (108, 6158892) (109, 6216184) (110, 6273481) (111, 6330774) (112, 6388065) (113, 6445352) (114, 6502636) (115, 6559977) (116, 6617269) (117, 6674606) (118, 6731883) (119, 6789173) (120, 6846470) (121, 6903814) (122, 6961156) (123, 7018442) (124, 7075729) (125, 7133024) (126, 7190306) (127, 7247600) 
-2240 128
128
4 20 2 10 25 3 21 8
0 31 13 12 11 0 11 4
17 5 19 27 1 10 23 29
18 14 20 6 6 1 15 16
7 30 5 14 15 17 29 9
18 19 22 30 9 21 26 25
24 16 27 26 7 23 24 3
2 8 28 28 12 13 22 31
139
(0, 0) (1, 139) (2, 13481) (3, 78617) (4, 142291) (5, 205618) (6, 265978) (7, 328817) (8, 392953) (9, 456536) (10, 518380) (11, 581244) (12, 643495) (13, 707994) (14, 770866) (15, 833051) (16, 895807) (17, 958646) (18, 1022844) (19, 1085254) (20, 1149547) (21, 1213526) (22, 1276882) (23, 1339146) (24, 1402237) (25, 1464904) (26, 1529057) (27, 1591313) (28, 1654502) (29, 1718974) (30, 1782013) (31, 1846086) (32, 1909112) (33, 1972123) 
-14002 33
139
(0, 0) (1, 139) (2, 13481) (3, 75247) (4, 142721) (5, 211155) (6, 279662) (7, 347757) (8, 416066) (9, 484563) (10, 553236) (11, 621567) (12, 688958) (13, 756780) (14, 823769) (15, 889355) (16, 955576) (17, 1021584) (18, 1087517) (19, 1153374) (20, 1219038) (21, 1285463) (22, 1351271) (23, 1417178) (24, 1482846) (25, 1547570) (26, 1612501) 
-32 26
139
(0, 0) (1, 139) (2, 13481) (3, 75775) (4, 142208) (5, 205367) (6, 269209) (7, 335590) (8, 402638) (9, 467336) (10, 529110) (11, 593450) (12, 654281) (13, 714134) (14, 772123) (15, 829609) (16, 886897) (17, 944295) (18, 1001587) (19, 1058880) (20, 1116172) (21, 1173462) (22, 1230747) (23, 1288041) (24, 1345334) (25, 1402615) (26, 1459906) (27, 1517203) (28, 1574487) (29, 1631763) (30, 1689053) (31, 1746339) (32, 1803633) (33, 1860927) (34, 1918221) (35, 1975511) (36, 2032805) (37, 2090143) (38, 2147433) (39, 2204720) (40, 2262005) (41, 2319347) (42, 2376637) (43, 2433922) (44, 2491212) (45, 2548501) (46, 2605792) (47, 2663087) (48, 2720379) (49, 2777672) (50, 2834963) (51, 2892308) (52, 2949595) (53, 3006935) (54, 3064230) (55, 3121522) (56, 3178810) (57, 3236098) (58, 3293384) (59, 3350818) (60, 3408111) (61, 3465450) (62, 3522743) (63, 3580084) (64, 3637430) (65, 3694724) (66, 3752064) (67, 3809358) (68, 3866696) (69, 3923982) (70, 3981270) (71, 4038564) (72, 4096015) (73, 4153306) (74, 4210605) (75, 4267902) (76, 4325291) (77, 4382584) (78, 4439874) (79, 4497161) (80, 4554450) (81, 4611745) (82, 4669085) (83, 4726427) (84, 4783769) (85, 4841061) (86, 4898345) (87, 4955633) (88, 5012929) (89, 5070221) (90, 5127512) (91, 5184800) (92, 5242136) (93, 5299432) (94, 5356728) (95, 5414071) (96, 5471358) (97, 5528649) (98, 5585937) (99, 5643227) (100, 5700566) (101, 5757858) (102, 5815147) (103, 5872439) (104, 5929732) (105, 5987027) (106, 6044314) (107, 6101601) (108, 6158892) (109, 6216184) (110, 6273481) (111, 6330774) (112, 6388065) (113, 6445352) (114, 6502636) (115, 6559977) (116, 6617269) (117, 6674606) (118, 6731883) (119, 6789173) (120, 6846470) (121, 6903814) (122, 6961156) (123, 7018442) (124, 7075729) (125, 7133024) (126, 7190306) (127, 7247600) 
-2240 128
128
4 20 2 10 25 3 21 8
0 31 13 12 11 0 11 4
17 5 19 27 1 10 23 29
18 14 20 6 6 1 15 16
7 30 5 14 15 17 29 9
18 19 22 30 9 21 26 25
24 16 27 26 7 23 24 3
2 8 28 28 12 13 22 31
