139
(0, 0) (1, 139) (2, 13481) (3, 76805) (4, 138564) (5, 202948) (6, 263629) (7, 327559) (8, 391161) (9, 454038) (10, 517700) (11, 580886) (12, 646697) (13, 710457) (14, 773593) (15, 836077) (16, 898044) (17, 960980) (18, 1022538) (19, 1085026) (20, 1146496) (21, 1210681) (22, 1271855) (23, 1335642) (24, 1396884) (25, 1460583) (26, 1523568) (27, 1586173) (28, 1648707) (29, 1710319) (30, 1773411) (31, 1837285) (32, 1900317) (33, 1962159) (34, 2023802) 
-14002 34
139
(0, 0) (1, 139) (2, 13481) (3, 76796) (4, 142260) (5, 209945) (6, 277985) (7, 344753) (8, 412831) (9, 479926) (10, 546851) (11, 613478) (12, 680613) (13, 748429) (14, 815727) (15, 881685) (16, 948086) (17, 1015208) (18, 1082074) (19, 1148415) (20, 1213660) (21, 1280188) (22, 1346967) (23, 1413246) (24, 1479346) (25, 1545358) (26, 1610671) (27, 1676016) (28, 1741553) (29, 1807091) (30, 1872480) (31, 1938235) (32, 2003702) (33, 2069222) (34, 2134310) (35, 2199376) 
-32 35
139
(0, 0) (1, 139) (2, 13481) (3, 79125) (4, 143177) (5, 203357) (6, 265781) (7, 328252) (8, 391846) (9, 455371) (10, 522183) (11, 589624) (12, 650407) (13, 709326) (14, 769428) (15, 826654) (16, 883944) (17, 941239) (18, 998530) (19, 1055916) (20, 1113209) (21, 1170495) (22, 1227785) (23, 1285032) (24, 1342326) (25, 1399619) (26, 1456909) (27, 1514201) (28, 1571494) (29, 1628833) (30, 1686124) (31, 1743369) (32, 1800659) (33, 1858047) (34, 1915342) (35, 1972633) (36, 2029918) (37, 2087200) (38, 2144486) (39, 2201828) (40, 2259122) (41, 2316413) (42, 2373708) (43, 2430999) (44, 2488288) (45, 2545579) (46, 2602870) (47, 2660162) (48, 2717458) (49, 2774754) (50, 2832036) (51, 2889321) (52, 2946668) (53, 3003956) (54, 3061292) (55, 3118588) (56, 3175877) (57, 3233170) (58, 3290464) (59, 3347755) (60, 3405043) (61, 3462336) (62, 3519619) (63, 3577002) (64, 3634289) (65, 3691584) (66, 3748877) (67, 3806168) (68, 3863464) (69, 3920754) (70, 3978049) (71, 4035340) (72, 4092632) (73, 4149971) (74, 4207264) (75, 4264556) (76, 4321849) (77, 4379135) (78, 4436475) (79, 4493771) (80, 4551062) (81, 4608348) (82, 4665632) (83, 4723020) (84, 4780313) (85, 4837606) (86, 4894899) (87, 4952191) (88, 5009483) (89, 5066913) (90, 5124206) (91, 5181497) (92, 5238786) (93, 5296071) (94, 5353362) (95, 5410649) (96, 5467922) (97, 5525262) (98, 5582552) (99, 5639846) (100, 5697133) (101, 5754422) (102, 5811719) (103, 5869115) (104, 5926411) (105, 5983696) (106, 6040988) (107, 6098328) (108, 6155619) (109, 6212908) (110, 6270202) (111, 6327499) (112, 6384796) (113, 6442090) (114, 6499481) (115, 6556823) (116, 6614116) (117, 6671410) (118, 6728700) (119, 6785988) (120, 6843280) (121, 6900572) (122, 6957864) (123, 7015160) (124, 7072450) (125, 7129742) (126, 7187135) (127, 7244430) 
-2240 128
128
12 6 12 19 22 1 29 17
20 21 8 4 4 22 26 30
13 10 15 28 7 0 28 16
31 25 9 2 18 24 23 23
13 8 9 20 19 25 3 14
27 31 1 27 21 14 10 0
15 6 17 30 29 7 3 26
2 18 5 16 5 11 24 11
139
(0, 0) (1, 139) (2, 13481) (3, 76805) (4, 138564) (5, 202948) (6, 263629) (7, 327559) (8, 391161) (9, 454038) (10, 517700) (11, 580886) (12, 646697) (13, 710457) (14, 773593) (15, 836077) (16, 898044) (17, 960980) (18, 1022538) (19, 1085026) (20, 1146496) (21, 1210681) (22, 1271855) (23, 1335642) (24, 1396884) (25, 1460583) (26, 1523568) (27, 1586173) (28, 1648707) (29, 1710319) (30, 1773411) (31, 1837285) (32, 1900317) (33, 1962159) (34, 2023802) 
-14002 34
139
(0, 0) (1, 139) (2, 13481) (3, 76796) (4, 142260) (5, 209945) (6, 277985) (7, 344753) (8, 412831) (9, 479926) (10, 546851) (11, 613478) (12, 680613) (13, 748429) (14, 815727) (15, 881685) (16, 948086) (17, 1015208) (18, 1082074) (19, 1148415) (20, 1213660) (21, 1280188) (22, 1346967) (23, 1413246) (24, 1479346) (25, 1545358) (26, 1610671) (27, 1676016) (28, 1741553) (29, 1807091) (30, 1872480) (31, 1938235) (32, 2003702) (33, 2069222) (34, 2134310) (35, 2199376) 
-32 35
139
(0, 0) (1, 139) (2, 13481) (3, 79125) (4, 143177) (5, 203357) (6, 265781) (7, 328252) (8, 391846) (9, 455371) (10, 522183) (11, 589624) (12, 650407) (13, 709326) (14, 769428) (15, 826654) (16, 883944) (17, 941239) (18, 998530) (19, 1055916) (20, 1113209) (21, 1170495) (22, 1227785) (23, 1285032) (24, 1342326) (25, 1399619) (26, 1456909) (27, 1514201) (28, 1571494) (29, 1628833) (30, 1686124) (31, 1743369) (32, 1800659) (33, 1858047) (34, 1915342) (35, 1972633) (36, 2029918) (37, 2087200) (38, 2144486) (39, 2201828) (40, 2259122) (41, 2316413) (42, 2373708) (43, 2430999) (44, 2488288) (45, 2545579) (46, 2602870) (47, 2660162) (48, 2717458) (49, 2774754) (50, 2832036) (51, 2889321) (52, 2946668) (53, 3003956) (54, 3061292) (55, 3118588) (56, 3175877) (57, 3233170) (58, 3290464) (59, 3347755) (60, 3405043) (61, 3462336) (62, 3519619) (63, 3577002) (64, 3634289) (65, 3691584) (66, 3748877) (67, 3806168) (68, 3863464) (69, 3920754) (70, 3978049) (71, 4035340) (72, 4092632) (73, 4149971) (74, 4207264) (75, 4264556) (76, 4321849) (77, 4379135) (78, 4436475) (79, 4493771) (80, 4551062) (81, 4608348) (82, 4665632) (83, 4723020) (84, 4780313) (85, 4837606) (86, 4894899) (87, 4952191) (88, 5009483) (89, 5066913) (90, 5124206) (91, 5181497) (92, 5238786) (93, 5296071) (94, 5353362) (95, 5410649) (96, 5467922) (97, 5525262) (98, 5582552) (99, 5639846) (100, 5697133) (101, 5754422) (102, 5811719) (103, 5869115) (104, 5926411) (105, 5983696) (106, 6040988) (107, 6098328) (108, 6155619) (109, 6212908) (110, 6270202) (111, 6327499) (112, 6384796) (113, 6442090) (114, 6499481) (115, 6556823) (116, 6614116) (117, 6671410) (118, 6728700) (119, 6785988) (120, 6843280) (121, 6900572) (122, 6957864) (123, 7015160) (124, 7072450) (125, 7129742) (126, 7187135) (127, 7244430) 
-2240 128
128
12 6 12 19 22 1 29 17
20 21 8 4 4 22 26 30
13 10 15 28 7 0 28 16
31 25 9 2 18 24 23 23
13 8 9 20 19 25 3 14
27 31 1 27 21 14 10 0
15 6 17 30 29 7 3 26
2 18 5 16 5 11 24 11
