139
(0, 0) (1, 139) (2, 13481) (3, 76970) (4, 134521) (5, 199656) (6, 259824) (7, 325347) (8, 386815) (9, 450832) (10, 514256) (11, 577954) (12, 641007) (13, 703768) (14, 766515) (15, 829111) (16, 891630) (17, 954543) (18, 1016233) (19, 1079995) (20, 1142340) (21, 1205689) (22, 1268274) (23, 1331206) (24, 1393281) (25, 1455507) (26, 1517301) (27, 1579880) (28, 1642040) (29, 1706147) (30, 1768672) (31, 1832119) (32, 1894583) (33, 1956211) (34, 2019466) (35, 2082325) (36, 2144890) 
-16000 36
139
(0, 0) (1, 139) (2, 13481) (3, 76325) (4, 143638) (5, 211765) (6, 280136) (7, 347424) (8, 416157) (9, 484215) (10, 552995) (11, 620389) (12, 686929) (13, 754154) (14, 821452) (15, 888140) (16, 954800) (17, 1020777) (18, 1085893) (19, 1152217) (20, 1218680) (21, 1285004) (22, 1351329) (23, 1418003) (24, 1484045) (25, 1549771) (26, 1613474) (27, 1678391) (28, 1743471) (29, 1807935) (30, 1872283) (31, 1936982) (32, 2001977) (33, 2066676) (34, 2130676) (35, 2195643) 
-32 35
139
(0, 0) (1, 139) (2, 13481) (3, 74861) (4, 140404) (5, 206183) (6, 273070) (7, 339209) (8, 405120) (9, 470518) (10, 533842) (11, 597239) (12, 660147) (13, 719875) (14, 780887) (15, 838805) (16, 896197) (17, 953490) (18, 1010783) (19, 1068127) (20, 1125421) (21, 1182717) (22, 1240007) (23, 1297294) (24, 1354581) (25, 1411878) (26, 1469174) (27, 1526465) (28, 1583757) (29, 1641143) (30, 1698432) (31, 1755720) (32, 1813108) (33, 1870402) (34, 1927683) (35, 1985025) (36, 2042322) (37, 2099619) (38, 2156909) (39, 2214297) (40, 2271587) (41, 2328970) (42, 2386405) (43, 2443691) (44, 2500979) (45, 2558273) (46, 2615566) (47, 2672864) (48, 2730158) (49, 2787501) (50, 2844791) (51, 2902078) (52, 2959371) (53, 3016662) (54, 3073956) (55, 3131199) (56, 3188492) (57, 3245788) (58, 3303132) (59, 3360435) (60, 3417730) (61, 3475022) (62, 3532411) (63, 3589756) (64, 3647044) (65, 3704333) (66, 3761628) (67, 3818918) (68, 3876201) (69, 3933492) (70, 3990783) (71, 4048035) (72, 4105324) (73, 4162617) (74, 4219910) (75, 4277204) (76, 4334500) (77, 4391789) (78, 4449082) (79, 4506373) (80, 4563667) (81, 4620962) (82, 4678303) (83, 4735644) (84, 4792927) (85, 4850211) (86, 4907500) (87, 4964840) (88, 5022133) (89, 5079422) (90, 5136710) (91, 5193999) (92, 5251296) (93, 5308589) (94, 5365882) (95, 5423271) (96, 5480563) (97, 5537846) (98, 5595189) (99, 5652480) (100, 5709761) (101, 5767150) (102, 5824444) (103, 5881732) (104, 5939022) (105, 5996317) (106, 6053611) (107, 6110904) (108, 6168194) (109, 6225487) (110, 6282774) (111, 6340211) (112, 6397505) (113, 6454840) (114, 6512126) (115, 6569418) (116, 6626708) (117, 6683997) (118, 6741291) (119, 6798586) (120, 6855879) (121, 6913169) (122, 6970459) (123, 7027736) (124, 7085032) (125, 7142319) (126, 7199595) (127, 7256879) 
-2240 128
128
12 31 29 6 22 0 3 7
27 12 3 15 10 28 4 11
25 30 14 25 6 13 7 28
16 5 22 23 13 0 26 16
5 24 29 9 8 18 21 9
4 26 20 23 31 1 24 27
21 19 8 11 17 2 10 18
20 17 15 30 14 2 1 19
139
(0, 0) (1, 139) (2, 13481) (3, 76970) (4, 134521) (5, 199656) (6, 259824) (7, 325347) (8, 386815) (9, 450832) (10, 514256) (11, 577954) (12, 641007) (13, 703768) (14, 766515) (15, 829111) (16, 891630) (17, 954543) (18, 1016233) (19, 1079995) (20, 1142340) (21, 1205689) (22, 1268274) (23, 1331206) (24, 1393281) (25, 1455507) (26, 1517301) (27, 1579880) (28, 1642040) (29, 1706147) (30, 1768672) (31, 1832119) (32, 1894583) (33, 1956211) (34, 2019466) (35, 2082325) (36, 2144890) 
-16000 36
139
(0, 0) (1, 139) (2, 13481) (3, 76325) (4, 143638) (5, 211765) (6, 280136) (7, 347424) (8, 416157) (9, 484215) (10, 552995) (11, 620389) (12, 686929) (13, 754154) (14, 821452) (15, 888140) (16, 954800) (17, 1020777) (18, 1085893) (19, 1152217) (20, 1218680) (21, 1285004) (22, 1351329) (23, 1418003) (24, 1484045) (25, 1549771) (26, 1613474) (27, 1678391) (28, 1743471) (29, 1807935) (30, 1872283) (31, 1936982) (32, 2001977) (33, 2066676) (34, 2130676) (35, 2195643) 
-32 35
139
(0, 0) (1, 139) (2, 13481) (3, 74861) (4, 140404) (5, 206183) (6, 273070) (7, 339209) (8, 405120) (9, 470518) (10, 533842) (11, 597239) (12, 660147) (13, 719875) (14, 780887) (15, 838805) (16, 896197) (17, 953490) (18, 1010783) (19, 1068127) (20, 1125421) (21, 1182717) (22, 1240007) (23, 1297294) (24, 1354581) (25, 1411878) (26, 1469174) (27, 1526465) (28, 1583757) (29, 1641143) (30, 1698432) (31, 1755720) (32, 1813108) (33, 1870402) (34, 1927683) (35, 1985025) (36, 2042322) (37, 2099619) (38, 2156909) (39, 2214297) (40, 2271587) (41, 2328970) (42, 2386405) (43, 2443691) (44, 2500979) (45, 2558273) (46, 2615566) (47, 2672864) (48, 2730158) (49, 2787501) (50, 2844791) (51, 2902078) (52, 2959371) (53, 3016662) (54, 3073956) (55, 3131199) (56, 3188492) (57, 3245788) (58, 3303132) (59, 3360435) (60, 3417730) (61, 3475022) (62, 3532411) (63, 3589756) (64, 3647044) (65, 3704333) (66, 3761628) (67, 3818918) (68, 3876201) (69, 3933492) (70, 3990783) (71, 4048035) (72, 4105324) (73, 4162617) (74, 4219910) (75, 4277204) (76, 4334500) (77, 4391789) (78, 4449082) (79, 4506373) (80, 4563667) (81, 4620962) (82, 4678303) (83, 4735644) (84, 4792927) (85, 4850211) (86, 4907500) (87, 4964840) (88, 5022133) (89, 5079422) (90, 5136710) (91, 5193999) (92, 5251296) (93, 5308589) (94, 5365882) (95, 5423271) (96, 5480563) (97, 5537846) (98, 5595189) (99, 5652480) (100, 5709761) (101, 5767150) (102, 5824444) (103, 5881732) (104, 5939022) (105, 5996317) (106, 6053611) (107, 6110904) (108, 6168194) (109, 6225487) (110, 6282774) (111, 6340211) (112, 6397505) (113, 6454840) (114, 6512126) (115, 6569418) (116, 6626708) (117, 6683997) (118, 6741291) (119, 6798586) (120, 6855879) (121, 6913169) (122, 6970459) (123, 7027736) (124, 7085032) (125, 7142319) (126, 7199595) (127, 7256879) 
-2240 128
128
12 31 29 6 22 0 3 7
27 12 3 15 10 28 4 11
25 30 14 25 6 13 7 28
16 5 22 23 13 0 26 16
5 24 29 9 8 18 21 9
4 26 20 23 31 1 24 27
21 19 8 11 17 2 10 18
20 17 15 30 14 2 1 19
