139
(0, 0) (1, 139) (2, 13481) (3, 75419) (4, 134426) (5, 195240) (6, 255724) (7, 315868) (8, 380574) (9, 443362) (10, 506199) (11, 569050) (12, 633977) (13, 696100) (14, 758670) (15, 822041) (16, 885198) (17, 948134) (18, 1009996) (19, 1074243) (20, 1137247) (21, 1198486) (22, 1262098) (23, 1324219) (24, 1386924) (25, 1451142) (26, 1512688) (27, 1576231) (28, 1639031) (29, 1702464) (30, 1764524) (31, 1826190) (32, 1889686) (33, 1951535) (34, 2015792) (35, 2077866) (36, 2141276) (37, 2202837) (38, 2265949) (39, 2329162) (40, 2392294) (41, 2455424) (42, 2518614) (43, 2581850) (44, 2644988) (45, 2708166) (46, 2771295) (47, 2834452) (48, 2897638) (49, 2960741) (50, 3023831) (51, 3086978) (52, 3150187) (53, 3213399) (54, 3276571) (55, 3339762) (56, 3402791) (57, 3465968) (58, 3529173) (59, 3592255) (60, 3655453) (61, 3718592) (62, 3781688) (63, 3844846) (64, 3907946) (65, 3971126) (66, 4034380) (67, 4097610) (68, 4160892) (69, 4224097) (70, 4287344) (71, 4350571) (72, 4413755) (73, 4476774) (74, 4539952) (75, 4603170) (76, 4666372) (77, 4729530) (78, 4792626) (79, 4855662) (80, 4918678) (81, 4981764) (82, 5045004) (83, 5108143) (84, 5171369) (85, 5234470) (86, 5297635) (87, 5360716) (88, 5423826) (89, 5486913) (90, 5550133) (91, 5613279) (92, 5676461) (93, 5739693) (94, 5802932) (95, 5866173) (96, 5929390) (97, 5992430) (98, 6055612) (99, 6118782) (100, 6181988) (101, 6245015) (102, 6308244) (103, 6371498) (104, 6434693) (105, 6497891) (106, 6561113) (107, 6624360) (108, 6687627) (109, 6750913) (110, 6814077) (111, 6877368) (112, 6940567) (113, 7003654) (114, 7066659) (115, 7129876) (116, 7193138) (117, 7256339) (118, 7319444) (119, 7382650) (120, 7445978) (121, 7509092) (122, 7572322) (123, 7635563) (124, 7698664) (125, 7761994) (126, 7825169) (127, 7888387) 
-15000 128
139
(0, 0) (1, 139) (2, 13481) (3, 72992) (4, 132495) (5, 198386) (6, 266160) (7, 331799) (8, 397808) (9, 466395) (10, 534141) (11, 600682) (12, 667984) (13, 736064) (14, 803972) (15, 871273) (16, 938417) (17, 1005218) (18, 1072200) (19, 1139060) (20, 1205070) (21, 1271553) (22, 1338218) (23, 1404740) (24, 1470904) (25, 1536788) (26, 1602890) (27, 1669159) (28, 1734833) 
-32 28
139
(0, 0) (1, 139) (2, 13481) (3, 72496) (4, 136172) (5, 202425) (6, 265636) (7, 331406) (8, 398196) (9, 462625) (10, 528053) (11, 590898) (12, 653294) (13, 715098) (14, 775536) (15, 834242) (16, 892812) (17, 952788) (18, 1010062) (19, 1067350) (20, 1124638) (21, 1181981) (22, 1239275) (23, 1296558) (24, 1353850) (25, 1411144) (26, 1468478) (27, 1525770) (28, 1583060) (29, 1640396) (30, 1697677) (31, 1754969) (32, 1812309) (33, 1869601) (34, 1926893) (35, 1984163) (36, 2041451) (37, 2098745) (38, 2156041) (39, 2213430) (40, 2270723) (41, 2328017) (42, 2385307) (43, 2442599) (44, 2499940) (45, 2557236) (46, 2614524) (47, 2671814) (48, 2729095) (49, 2786392) (50, 2843684) (51, 2900976) (52, 2958271) (53, 3015657) (54, 3072953) (55, 3130236) (56, 3187525) (57, 3244810) (58, 3302105) (59, 3359493) (60, 3416785) (61, 3474120) (62, 3531410) (63, 3588697) (64, 3645983) (65, 3703371) (66, 3760760) (67, 3818052) (68, 3875340) (69, 3932678) (70, 3989967) (71, 4047259) (72, 4104633) (73, 4161925) (74, 4219215) (75, 4276511) (76, 4333808) (77, 4391147) (78, 4448432) (79, 4505722) (80, 4563005) (81, 4620344) (82, 4677637) (83, 4734925) (84, 4792216) (85, 4849507) (86, 4906793) (87, 4964089) (88, 5021385) (89, 5078672) (90, 5136102) (91, 5193393) (92, 5250687) (93, 5307980) (94, 5365323) (95, 5422609) (96, 5479899) (97, 5537239) (98, 5594526) (99, 5651814) (100, 5709206) (101, 5766503) (102, 5823794) (103, 5881089) (104, 5938382) (105, 5995676) (106, 6052973) (107, 6110267) (108, 6167655) (109, 6224951) (110, 6282242) (111, 6339533) (112, 6396821) (113, 6454109) (114, 6511398) (115, 6568694) (116, 6625984) (117, 6683265) (118, 6740551) (119, 6797892) (120, 6855233) (121, 6912526) (122, 6969807) (123, 7027141) (124, 7084428) (125, 7141721) (126, 7199013) (127, 7256307) 
-2240 128
128
7 27 13 0 28 3 9 5
11 7 8 23 19 6 18 17
2 17 14 4 15 4 20 25
14 5 28 1 3 2 29 30
21 12 24 18 25 31 26 30
11 15 23 10 0 26 16 13
6 29 27 24 10 22 1 20
31 9 8 16 12 19 22 21
139
(0, 0) (1, 139) (2, 13481) (3, 75419) (4, 134426) (5, 195240) (6, 255724) (7, 315868) (8, 380574) (9, 443362) (10, 506199) (11, 569050) (12, 633977) (13, 696100) (14, 758670) (15, 822041) (16, 885198) (17, 948134) (18, 1009996) (19, 1074243) (20, 1137247) (21, 1198486) (22, 1262098) (23, 1324219) (24, 1386924) (25, 1451142) (26, 1512688) (27, 1576231) (28, 1639031) (29, 1702464) (30, 1764524) (31, 1826190) (32, 1889686) (33, 1951535) (34, 2015792) (35, 2077866) (36, 2141276) (37, 2202837) (38, 2265949) (39, 2329162) (40, 2392294) (41, 2455424) (42, 2518614) (43, 2581850) (44, 2644988) (45, 2708166) (46, 2771295) (47, 2834452) (48, 2897638) (49, 2960741) (50, 3023831) (51, 3086978) (52, 3150187) (53, 3213399) (54, 3276571) (55, 3339762) (56, 3402791) (57, 3465968) (58, 3529173) (59, 3592255) (60, 3655453) (61, 3718592) (62, 3781688) (63, 3844846) (64, 3907946) (65, 3971126) (66, 4034380) (67, 4097610) (68, 4160892) (69, 4224097) (70, 4287344) (71, 4350571) (72, 4413755) (73, 4476774) (74, 4539952) (75, 4603170) (76, 4666372) (77, 4729530) (78, 4792626) (79, 4855662) (80, 4918678) (81, 4981764) (82, 5045004) (83, 5108143) (84, 5171369) (85, 5234470) (86, 5297635) (87, 5360716) (88, 5423826) (89, 5486913) (90, 5550133) (91, 5613279) (92, 5676461) (93, 5739693) (94, 5802932) (95, 5866173) (96, 5929390) (97, 5992430) (98, 6055612) (99, 6118782) (100, 6181988) (101, 6245015) (102, 6308244) (103, 6371498) (104, 6434693) (105, 6497891) (106, 6561113) (107, 6624360) (108, 6687627) (109, 6750913) (110, 6814077) (111, 6877368) (112, 6940567) (113, 7003654) (114, 7066659) (115, 7129876) (116, 7193138) (117, 7256339) (118, 7319444) (119, 7382650) (120, 7445978) (121, 7509092) (122, 7572322) (123, 7635563) (124, 7698664) (125, 7761994) (126, 7825169) (127, 7888387) 
-15000 128
139
(0, 0) (1, 139) (2, 13481) (3, 72992) (4, 132495) (5, 198386) (6, 266160) (7, 331799) (8, 397808) (9, 466395) (10, 534141) (11, 600682) (12, 667984) (13, 736064) (14, 803972) (15, 871273) (16, 938417) (17, 1005218) (18, 1072200) (19, 1139060) (20, 1205070) (21, 1271553) (22, 1338218) (23, 1404740) (24, 1470904) (25, 1536788) (26, 1602890) (27, 1669159) (28, 1734833) 
-32 28
139
(0, 0) (1, 139) (2, 13481) (3, 72496) (4, 136172) (5, 202425) (6, 265636) (7, 331406) (8, 398196) (9, 462625) (10, 528053) (11, 590898) (12, 653294) (13, 715098) (14, 775536) (15, 834242) (16, 892812) (17, 952788) (18, 1010062) (19, 1067350) (20, 1124638) (21, 1181981) (22, 1239275) (23, 1296558) (24, 1353850) (25, 1411144) (26, 1468478) (27, 1525770) (28, 1583060) (29, 1640396) (30, 1697677) (31, 1754969) (32, 1812309) (33, 1869601) (34, 1926893) (35, 1984163) (36, 2041451) (37, 2098745) (38, 2156041) (39, 2213430) (40, 2270723) (41, 2328017) (42, 2385307) (43, 2442599) (44, 2499940) (45, 2557236) (46, 2614524) (47, 2671814) (48, 2729095) (49, 2786392) (50, 2843684) (51, 2900976) (52, 2958271) (53, 3015657) (54, 3072953) (55, 3130236) (56, 3187525) (57, 3244810) (58, 3302105) (59, 3359493) (60, 3416785) (61, 3474120) (62, 3531410) (63, 3588697) (64, 3645983) (65, 3703371) (66, 3760760) (67, 3818052) (68, 3875340) (69, 3932678) (70, 3989967) (71, 4047259) (72, 4104633) (73, 4161925) (74, 4219215) (75, 4276511) (76, 4333808) (77, 4391147) (78, 4448432) (79, 4505722) (80, 4563005) (81, 4620344) (82, 4677637) (83, 4734925) (84, 4792216) (85, 4849507) (86, 4906793) (87, 4964089) (88, 5021385) (89, 5078672) (90, 5136102) (91, 5193393) (92, 5250687) (93, 5307980) (94, 5365323) (95, 5422609) (96, 5479899) (97, 5537239) (98, 5594526) (99, 5651814) (100, 5709206) (101, 5766503) (102, 5823794) (103, 5881089) (104, 5938382) (105, 5995676) (106, 6052973) (107, 6110267) (108, 6167655) (109, 6224951) (110, 6282242) (111, 6339533) (112, 6396821) (113, 6454109) (114, 6511398) (115, 6568694) (116, 6625984) (117, 6683265) (118, 6740551) (119, 6797892) (120, 6855233) (121, 6912526) (122, 6969807) (123, 7027141) (124, 7084428) (125, 7141721) (126, 7199013) (127, 7256307) 
-2240 128
128
7 27 13 0 28 3 9 5
11 7 8 23 19 6 18 17
2 17 14 4 15 4 20 25
14 5 28 1 3 2 29 30
21 12 24 18 25 31 26 30
11 15 23 10 0 26 16 13
6 29 27 24 10 22 1 20
31 9 8 16 12 19 22 21
