139
(0, 0) (1, 139) (2, 13481) (3, 77357) (4, 134436) (5, 196624) (6, 257279) (7, 318456) (8, 380215) (9, 442943) (10, 507979) (11, 571283) (12, 632681) (13, 694525) (14, 755665) (15, 819890) (16, 881692) (17, 944629) (18, 1007606) (19, 1070660) (20, 1135055) (21, 1198124) (22, 1262148) (23, 1324063) (24, 1388744) (25, 1450418) (26, 1514593) (27, 1576456) (28, 1638697) (29, 1702824) (30, 1764515) (31, 1828438) (32, 1891915) (33, 1954678) (34, 2016745) (35, 2079790) (36, 2143586) (37, 2205204) (38, 2268172) 
-16000 38
139
(0, 0) (1, 139) (2, 13481) (3, 76982) (4, 145262) (5, 213931) (6, 282567) (7, 351102) (8, 419785) (9, 486396) (10, 554534) (11, 621248) (12, 689487) (13, 757916) (14, 825413) (15, 892739) (16, 960055) (17, 1026933) (18, 1094047) (19, 1160812) (20, 1227974) (21, 1294919) (22, 1361617) (23, 1428635) (24, 1494430) (25, 1558963) (26, 1623610) (27, 1688957) (28, 1754200) 
-32 28
139
(0, 0) (1, 139) (2, 13481) (3, 75033) (4, 137945) (5, 204760) (6, 268528) (7, 334212) (8, 400117) (9, 463618) (10, 525811) (11, 590395) (12, 653495) (13, 713830) (14, 772465) (15, 829855) (16, 887150) (17, 944444) (18, 1001738) (19, 1059034) (20, 1116329) (21, 1173667) (22, 1230957) (23, 1288293) (24, 1345584) (25, 1402876) (26, 1460166) (27, 1517450) (28, 1574787) (29, 1632081) (30, 1689365) (31, 1746704) (32, 1803997) (33, 1861286) (34, 1918575) (35, 1975850) (36, 2033131) (37, 2090426) (38, 2147768) (39, 2205062) (40, 2262402) (41, 2319687) (42, 2376978) (43, 2434268) (44, 2491654) (45, 2548951) (46, 2606224) (47, 2663571) (48, 2720866) (49, 2778159) (50, 2835447) (51, 2892779) (52, 2950071) (53, 3007356) (54, 3064653) (55, 3121991) (56, 3179282) (57, 3236576) (58, 3293862) (59, 3351200) (60, 3408491) (61, 3465783) (62, 3523078) (63, 3580375) (64, 3637671) (65, 3695010) (66, 3752301) (67, 3809640) (68, 3866931) (69, 3924214) (70, 3981505) (71, 4038894) (72, 4096184) (73, 4153476) (74, 4210818) (75, 4268112) (76, 4325447) (77, 4382739) (78, 4439978) (79, 4497272) (80, 4554567) (81, 4611859) (82, 4669155) (83, 4726442) (84, 4783783) (85, 4841072) (86, 4898363) (87, 4955707) (88, 5012999) (89, 5070337) (90, 5127617) (91, 5184959) (92, 5242246) (93, 5299536) (94, 5356827) (95, 5414165) (96, 5471461) (97, 5528755) (98, 5586044) (99, 5643340) (100, 5700680) (101, 5757971) (102, 5815355) (103, 5872639) (104, 5929929) (105, 5987223) (106, 6044513) (107, 6101798) (108, 6159095) (109, 6216390) (110, 6273678) (111, 6330962) (112, 6388251) (113, 6445546) (114, 6502836) (115, 6560127) (116, 6617415) (117, 6674706) (118, 6731994) (119, 6789284) (120, 6846582) (121, 6903876) (122, 6961165) (123, 7018547) (124, 7075828) (125, 7133116) (126, 7190461) (127, 7247748) 
-2240 128
128
26 28 20 0 25 17 7 26
8 18 9 3 15 25 11 23
0 27 6 13 19 11 3 1
5 14 10 29 15 30 31 27
20 22 16 6 7 2 1 5
18 17 24 10 31 12 8 13
30 9 16 4 24 4 22 14
29 19 21 2 12 23 21 28
139
(0, 0) (1, 139) (2, 13481) (3, 77357) (4, 134436) (5, 196624) (6, 257279) (7, 318456) (8, 380215) (9, 442943) (10, 507979) (11, 571283) (12, 632681) (13, 694525) (14, 755665) (15, 819890) (16, 881692) (17, 944629) (18, 1007606) (19, 1070660) (20, 1135055) (21, 1198124) (22, 1262148) (23, 1324063) (24, 1388744) (25, 1450418) (26, 1514593) (27, 1576456) (28, 1638697) (29, 1702824) (30, 1764515) (31, 1828438) (32, 1891915) (33, 1954678) (34, 2016745) (35, 2079790) (36, 2143586) (37, 2205204) (38, 2268172) 
-16000 38
139
(0, 0) (1, 139) (2, 13481) (3, 76982) (4, 145262) (5, 213931) (6, 282567) (7, 351102) (8, 419785) (9, 486396) (10, 554534) (11, 621248) (12, 689487) (13, 757916) (14, 825413) (15, 892739) (16, 960055) (17, 1026933) (18, 1094047) (19, 1160812) (20, 1227974) (21, 1294919) (22, 1361617) (23, 1428635) (24, 1494430) (25, 1558963) (26, 1623610) (27, 1688957) (28, 1754200) 
-32 28
139
(0, 0) (1, 139) (2, 13481) (3, 75033) (4, 137945) (5, 204760) (6, 268528) (7, 334212) (8, 400117) (9, 463618) (10, 525811) (11, 590395) (12, 653495) (13, 713830) (14, 772465) (15, 829855) (16, 887150) (17, 944444) (18, 1001738) (19, 1059034) (20, 1116329) (21, 1173667) (22, 1230957) (23, 1288293) (24, 1345584) (25, 1402876) (26, 1460166) (27, 1517450) (28, 1574787) (29, 1632081) (30, 1689365) (31, 1746704) (32, 1803997) (33, 1861286) (34, 1918575) (35, 1975850) (36, 2033131) (37, 2090426) (38, 2147768) (39, 2205062) (40, 2262402) (41, 2319687) (42, 2376978) (43, 2434268) (44, 2491654) (45, 2548951) (46, 2606224) (47, 2663571) (48, 2720866) (49, 2778159) (50, 2835447) (51, 2892779) (52, 2950071) (53, 3007356) (54, 3064653) (55, 3121991) (56, 3179282) (57, 3236576) (58, 3293862) (59, 3351200) (60, 3408491) (61, 3465783) (62, 3523078) (63, 3580375) (64, 3637671) (65, 3695010) (66, 3752301) (67, 3809640) (68, 3866931) (69, 3924214) (70, 3981505) (71, 4038894) (72, 4096184) (73, 4153476) (74, 4210818) (75, 4268112) (76, 4325447) (77, 4382739) (78, 4439978) (79, 4497272) (80, 4554567) (81, 4611859) (82, 4669155) (83, 4726442) (84, 4783783) (85, 4841072) (86, 4898363) (87, 4955707) (88, 5012999) (89, 5070337) (90, 5127617) (91, 5184959) (92, 5242246) (93, 5299536) (94, 5356827) (95, 5414165) (96, 5471461) (97, 5528755) (98, 5586044) (99, 5643340) (100, 5700680) (101, 5757971) (102, 5815355) (103, 5872639) (104, 5929929) (105, 5987223) (106, 6044513) (107, 6101798) (108, 6159095) (109, 6216390) (110, 6273678) (111, 6330962) (112, 6388251) (113, 6445546) (114, 6502836) (115, 6560127) (116, 6617415) (117, 6674706) (118, 6731994) (119, 6789284) (120, 6846582) (121, 6903876) (122, 6961165) (123, 7018547) (124, 7075828) (125, 7133116) (126, 7190461) (127, 7247748) 
-2240 128
128
26 28 20 0 25 17 7 26
8 18 9 3 15 25 11 23
0 27 6 13 19 11 3 1
5 14 10 29 15 30 31 27
20 22 16 6 7 2 1 5
18 17 24 10 31 12 8 13
30 9 16 4 24 4 22 14
29 19 21 2 12 23 21 28
