393
7 1 17
0 1 9
4 1 19
14 0 8
14 2 9
4 0 16
4 4 20
4 4 19
6 1 16
14 5 9
5 6 18
15 6 8
15 4 6
20 9 4
12 9 11
7 5 15
20 10 3
19 12 5
4 0 18
20 12 3
21 13 2
9 13 11
13 14 10
12 13 10
21 16 3
8 9 12
17 16 6
4 6 18
19 18 5
15 15 7
21 19 2
4 5 18
21 20 2
20 21 3
7 8 14
16 18 6
21 22 2
22 22 2
19 17 2
16 18 6
21 22 2
15 4 7
3 4 19
1 4 19
3 6 17
5 7 15
12 17 6
7 7 12
7 13 10
3 0 13
5 12 11
9 17 6
3 14 10
0 10 13
11 21 2
8 21 3
8 9 9
5 17 6
0 6 10
1 14 9
5 22 2
4 12 5
0 16 7
0 19 5
2 11 9
0 18 5
1 17 4
1 20 3
5 15 6
0 11 11
0 21 2
0 22 2
0 21 2
0 6 6
1 4 3
1 0 5
4 0 4
3 1 4
3 0 4
2 3 19
0 4 8
4 1 4
7 0 12
4 5 6
7 1 5
3 4 18
9 1 8
11 0 4
9 8 11
11 1 9
13 0 9
13 1 9
11 2 5
14 7 7
14 1 7
0 3 19
2 2 6
6 2 12
17 1 4
19 0 2
18 1 2
0 2 14
7 2 15
20 1 2
7 2 14
20 1 2
9 3 13
15 4 6
20 3 2
1 5 11
7 5 15
11 4 9
9 7 13
14 5 7
3 8 14
9 8 12
8 9 12
14 10 7
6 5 14
7 4 12
18 11 3
2 10 12
8 10 12
19 14 3
1 6 16
1 5 17
16 15 5
10 8 10
8 10 11
18 17 3
19 20 2
19 20 2
4 6 16
4 6 16
19 20 2
0 2 18
3 2 16
8 5 12
3 3 13
7 3 12
15 5 4
15 7 5
6 4 10
11 3 6
15 7 4
6 11 10
13 6 5
15 10 5
5 11 10
6 9 5
10 11 9
0 6 15
10 10 6
13 15 7
13 16 6
10 10 4
6 11 11
16 18 4
1 7 15
5 9 13
3 7 14
14 18 4
17 20 2
17 20 2
0 7 12
8 8 10
8 11 10
10 17 4
12 17 4
12 17 4
3 12 10
0 8 13
10 6 8
2 12 8
2 13 9
1 4 13
1 12 9
1 5 11
0 13 8
1 13 6
0 17 5
2 16 5
4 10 8
0 16 5
1 8 10
0 17 4
1 17 3
0 19 2
0 13 7
0 19 2
3 7 13
0 12 7
0 3 14
4 12 8
1 15 4
1 4 13
3 9 11
4 14 4
1 12 4
5 4 9
1 7 6
2 2 9
4 6 5
1 7 4
5 7 10
1 4 5
0 3 3
2 3 15
3 2 15
1 3 3
2 4 13
2 3 3
1 2 2
1 2 2
3 3 14
3 2 6
3 3 4
3 5 15
3 3 3
4 7 13
7 2 10
5 3 5
6 5 4
5 6 9
7 3 4
8 11 5
10 5 7
10 2 4
4 6 14
12 3 4
7 5 8
13 3 5
13 6 3
14 3 4
15 3 3
15 3 2
3 4 14
16 3 2
10 12 7
11 14 6
7 9 10
8 13 7
11 16 4
6 4 8
2 9 11
3 10 9
2 11 9
8 16 3
7 4 11
3 12 7
4 14 5
5 5 11
2 15 5
4 4 14
3 6 10
4 14 3
3 16 3
2 18 2
6 6 11
2 13 5
2 17 2
2 15 2
8 13 5
3 10 7
2 6 9
10 7 8
2 4 9
6 12 5
3 9 4
4 4 9
3 7 4
4 4 13
3 6 4
5 4 8
3 5 4
4 5 13
4 4 11
3 5 2
4 4 7
3 4 2
4 4 4
3 4 2
4 6 12
6 7 11
8 5 8
6 7 10
13 11 5
7 11 7
6 10 6
8 14 4
5 7 7
4 9 8
8 6 6
4 11 6
5 9 4
4 12 5
14 14 2
4 4 12
4 15 3
4 10 6
4 11 5
4 15 2
8 14 2
8 14 2
4 9 6
14 11 3
5 4 10
4 10 2
7 8 8
5 4 7
8 10 5
7 7 5
4 5 4
6 7 2
7 6 10
5 5 3
6 4 7
6 5 6
5 4 2
14 4 3
7 5 10
12 6 4
14 6 4
7 8 8
11 9 3
8 11 5
8 9 5
6 9 6
9 8 5
6 6 8
6 13 3
7 5 9
7 6 8
6 13 2
7 11 3
6 13 2
13 9 5
10 9 5
6 8 5
10 6 7
6 6 5
9 6 5
7 7 3
7 7 2
6 7 2
7 4 4
7 4 2
6 4 2
8 5 4
7 4 2
11 6 6
8 6 7
10 4 6
8 5 8
12 7 5
12 11 3
8 8 6
11 9 2
12 4 6
11 7 6
10 4 6
11 7 4
13 8 3
12 11 3
14 9 4
8 10 4
12 6 5
8 4 5
12 7 2
16 10 2
15 10 2
16 11 2
9 7 7
12 10 4
11 7 2
12 7 5
12 4 3
12 4 2
10 4 5
13 9 4
9 6 5
13 10 3
12 10 4
9 9 3
10 4 7
9 8 2
10 8 3
9 6 3
12 9 3
12 4 5
15 7 3
15 4 3
15 4 3
