478
5 1 17
5 1 19
18 5 6
18 1 5
18 1 5
17 0 5
17 2 6
3 3 20
19 5 5
3 1 19
21 4 2
5 6 15
9 6 14
20 7 3
21 8 2
13 8 8
20 10 4
16 10 7
16 10 7
17 11 6
12 13 9
20 13 4
7 9 15
21 13 2
20 14 3
5 1 16
20 16 4
1 6 17
16 16 7
19 17 4
21 17 2
5 5 16
20 19 4
0 4 20
18 19 5
1 0 20
19 19 3
21 20 2
2 5 19
3 5 19
21 22 2
22 22 2
8 9 14
21 22 2
4 1 18
11 12 11
7 9 13
13 17 7
1 3 18
0 4 19
1 8 16
3 10 14
1 0 16
4 10 13
9 7 13
10 19 5
1 3 19
14 21 2
6 15 8
9 19 4
1 11 11
2 13 10
2 14 9
2 14 9
0 3 13
2 15 8
7 7 15
5 19 4
1 0 21
5 20 3
4 13 9
2 21 3
0 9 11
0 18 5
2 3 19
0 21 3
0 18 4
2 21 2
0 12 10
0 21 2
0 22 2
0 0 22
1 6 16
0 21 2
0 1 20
1 0 3
1 1 2
3 0 10
2 2 7
5 0 3
4 4 18
5 1 8
6 7 15
6 1 13
4 3 7
8 0 4
4 4 13
9 1 4
1 4 11
10 1 4
3 5 17
11 1 5
13 0 2
13 2 8
14 1 4
4 4 18
5 2 14
16 0 3
16 1 5
11 5 11
17 1 5
3 3 18
18 1 4
2 3 19
19 2 2
19 1 2
3 3 18
15 2 7
20 1 2
20 0 2
20 1 2
8 3 13
0 3 18
16 5 6
9 5 12
11 5 10
4 2 12
15 7 7
15 7 3
15 7 6
4 4 16
18 9 3
1 2 15
15 10 6
16 12 6
14 12 4
16 12 5
18 14 4
5 6 14
18 14 3
17 16 5
17 16 5
7 12 9
15 16 6
11 13 7
17 17 4
4 7 15
17 18 4
2 5 17
9 11 11
19 20 2
20 20 2
19 20 2
5 15 7
1 16 6
3 4 17
1 18 3
2 15 4
0 13 6
4 2 16
1 9 9
4 13 9
1 13 4
1 11 5
1 13 3
0 8 6
9 3 11
1 3 11
2 9 7
1 10 2
7 3 11
0 2 8
2 4 9
1 8 2
2 7 9
0 2 6
3 2 8
1 5 3
2 3 8
1 3 3
3 3 13
1 2 3
2 2 6
1 2 2
0 2 2
2 2 16
1 2 2
2 3 5
3 2 6
3 4 12
3 3 4
5 6 15
5 2 6
5 3 3
6 3 13
6 3 4
5 5 4
7 3 3
8 3 8
8 3 2
9 3 5
11 2 5
4 6 11
11 3 4
11 9 9
12 3 7
2 4 16
14 2 4
13 3 2
16 4 4
16 3 2
16 2 2
8 5 11
16 4 2
16 3 2
15 4 4
18 3 2
18 2 2
5 4 15
18 3 2
13 5 7
5 4 12
16 5 3
3 8 13
15 8 5
12 7 6
14 8 5
6 9 13
11 10 9
4 6 14
16 10 3
8 11 10
9 12 10
11 13 8
11 13 8
11 13 7
14 14 5
6 11 10
15 15 4
6 10 12
16 16 3
18 18 2
9 12 9
16 18 3
7 10 11
17 20 2
18 20 2
3 7 15
7 11 11
17 20 2
2 5 15
8 13 9
16 19 2
3 8 13
5 12 10
6 12 9
2 9 12
4 14 8
9 14 6
11 19 2
4 6 11
4 16 6
3 9 8
5 16 5
4 7 8
2 14 7
2 8 11
4 17 4
2 10 9
2 18 4
3 15 4
2 17 4
3 14 5
2 18 3
2 20 2
2 8 11
2 17 3
2 19 2
3 4 13
3 5 4
3 6 13
4 5 7
5 6 11
5 5 6
6 6 6
6 5 3
8 4 9
8 5 5
6 6 11
9 5 3
10 5 6
10 9 8
11 5 7
5 7 13
12 5 4
3 6 13
13 5 3
6 8 12
14 5 4
13 7 4
15 5 3
16 4 2
5 6 13
14 6 4
16 5 2
3 6 13
4 6 13
5 7 12
10 8 8
8 8 8
15 8 2
14 10 3
4 6 12
15 12 3
10 12 7
2 6 14
15 14 3
5 8 11
15 13 2
13 16 4
14 16 4
13 16 4
13 16 4
9 14 6
14 17 3
7 10 9
6 10 10
15 18 2
16 18 2
15 18 2
5 7 11
13 7 3
7 6 6
11 8 4
6 10 9
13 10 2
8 9 5
11 12 5
13 12 2
3 6 9
11 13 4
3 9 9
11 15 4
14 15 2
2 7 12
13 15 2
7 13 7
12 17 3
14 18 2
3 7 11
3 8 11
13 18 2
5 10 9
5 8 8
5 11 8
4 7 10
9 16 3
2 10 9
8 18 2
6 15 4
2 14 6
3 11 7
5 16 3
2 7 8
2 14 5
2 17 3
3 7 11
5 11 7
4 17 2
2 10 8
2 11 7
2 17 2
2 11 6
3 11 6
3 13 3
4 11 4
3 12 3
4 8 10
3 11 3
5 11 7
2 8 4
5 11 7
3 8 4
3 9 2
4 6 4
2 6 3
4 6 7
3 6 2
2 6 2
6 6 5
5 6 5
4 6 4
3 6 2
4 8 10
4 8 10
6 7 2
7 7 7
6 9 3
8 7 5
4 9 7
10 6 4
9 9 5
10 7 3
5 9 9
11 7 3
11 8 3
12 7 2
9 9 5
9 8 4
10 8 3
9 11 5
12 11 2
6 11 7
9 11 4
4 12 6
9 12 4
6 8 6
11 13 2
12 15 2
9 15 2
10 15 3
6 9 6
5 10 7
5 8 6
5 13 5
8 12 4
7 14 3
4 13 4
5 10 6
4 14 3
5 9 6
4 11 5
4 15 2
4 16 2
4 9 4
4 13 3
5 9 5
6 9 2
7 8 2
8 10 3
8 9 2
4 11 5
6 10 5
9 9 2
10 8 2
7 10 5
10 9 2
5 10 5
7 10 4
5 10 5
8 12 4
5 11 5
9 12 2
9 14 2
10 14 2
6 11 4
9 14 2
4 10 5
4 11 3
4 11 5
4 12 4
7 13 2
6 12 2
5 13 3
7 14 2
8 14 2
4 11 4
6 10 2
5 10 3
4 12 3
4 13 2
5 11 3
5 10 2
5 12 2
4 12 2
5 12 2
5 12 2
6 12 2
